Radial_Velocity;Radial_Demodulation;Axial_Acceleration;Axial_Velocity;Axial_Demodulation;Radial_Acceleration
0.005841;0.016085;0.044290;0.005841;0.016085;0.044290
0.001632;0.004486;0.012334;0.001632;0.004486;0.012334
0.001815;0.004982;0.013672;0.001815;0.004982;0.013672
0.001821;0.004990;0.013673;0.001821;0.004990;0.013673
0.002339;0.006399;0.017502;0.002339;0.006399;0.017502
0.001658;0.004529;0.012370;0.001658;0.004529;0.012370
0.000968;0.002641;0.007201;0.000968;0.002641;0.007201
0.001941;0.005281;0.014370;0.001941;0.005281;0.014370
0.002437;0.006621;0.017991;0.002437;0.006621;0.017991
0.002835;0.007691;0.020865;0.002835;0.007691;0.020865
0.002667;0.007226;0.019573;0.002667;0.007226;0.019573
0.001791;0.004843;0.013100;0.001791;0.004843;0.013100
0.001264;0.003412;0.009211;0.001264;0.003412;0.009211
0.001396;0.003762;0.010140;0.001396;0.003762;0.010140
0.001291;0.003474;0.009350;0.001291;0.003474;0.009350
0.001122;0.003013;0.008093;0.001122;0.003013;0.008093
0.001852;0.004965;0.013315;0.001852;0.004965;0.013315
0.002410;0.006456;0.017289;0.002410;0.006456;0.017289
0.001595;0.004266;0.011408;0.001595;0.004266;0.011408
0.000938;0.002503;0.006681;0.000938;0.002503;0.006681
0.001277;0.003404;0.009070;0.001277;0.003404;0.009070
0.001349;0.003591;0.009556;0.001349;0.003591;0.009556
0.000275;0.000731;0.001942;0.000275;0.000731;0.001942
0.000640;0.001699;0.004505;0.000640;0.001699;0.004505
0.000770;0.002038;0.005396;0.000770;0.002038;0.005396
0.001177;0.003112;0.008228;0.001177;0.003112;0.008228
0.000678;0.001788;0.004721;0.000678;0.001788;0.004721
0.000318;0.000839;0.002210;0.000318;0.000839;0.002210
0.000484;0.001274;0.003352;0.000484;0.001274;0.003352
0.000820;0.002153;0.005656;0.000820;0.002153;0.005656
0.001365;0.003579;0.009385;0.001365;0.003579;0.009385
0.001717;0.004496;0.011773;0.001717;0.004496;0.011773
0.002320;0.006065;0.015855;0.002320;0.006065;0.015855
0.003011;0.007859;0.020513;0.003011;0.007859;0.020513
0.002090;0.005448;0.014202;0.002090;0.005448;0.014202
0.001391;0.003620;0.009421;0.001391;0.003620;0.009421
0.001833;0.004761;0.012366;0.001833;0.004761;0.012366
0.001870;0.004851;0.012586;0.001870;0.004851;0.012586
0.001247;0.003231;0.008369;0.001247;0.003231;0.008369
0.001308;0.003382;0.008744;0.001308;0.003382;0.008744
0.001607;0.004150;0.010716;0.001607;0.004150;0.010716
0.001386;0.003573;0.009210;0.001386;0.003573;0.009210
0.001578;0.004060;0.010449;0.001578;0.004060;0.010449
0.001695;0.004356;0.011196;0.001695;0.004356;0.011196
0.001420;0.003643;0.009346;0.001420;0.003643;0.009346
0.002304;0.005903;0.015124;0.002304;0.005903;0.015124
0.002204;0.005638;0.014423;0.002204;0.005638;0.014423
0.001666;0.004254;0.010865;0.001666;0.004254;0.010865
0.001759;0.004485;0.011438;0.001759;0.004485;0.011438
0.001101;0.002802;0.007135;0.001101;0.002802;0.007135
0.001693;0.004304;0.010941;0.001693;0.004304;0.010941
0.000658;0.001669;0.004238;0.000658;0.001669;0.004238
0.001671;0.004236;0.010735;0.001671;0.004236;0.010735
0.001359;0.003439;0.008703;0.001359;0.003439;0.008703
0.001751;0.004423;0.011176;0.001751;0.004423;0.011176
0.001313;0.003314;0.008361;0.001313;0.003314;0.008361
0.001433;0.003609;0.009092;0.001433;0.003609;0.009092
0.001911;0.004807;0.012091;0.001911;0.004807;0.012091
0.001466;0.003682;0.009250;0.001466;0.003682;0.009250
0.001796;0.004503;0.011289;0.001796;0.004503;0.011289
0.002474;0.006194;0.015509;0.002474;0.006194;0.015509
0.002168;0.005420;0.013554;0.002168;0.005420;0.013554
0.001511;0.003771;0.009416;0.001511;0.003771;0.009416
0.001462;0.003644;0.009082;0.001462;0.003644;0.009082
0.001545;0.003846;0.009572;0.001545;0.003846;0.009572
0.001335;0.003317;0.008244;0.001335;0.003317;0.008244
0.001203;0.002986;0.007409;0.001203;0.002986;0.007409
0.001160;0.002875;0.007123;0.001160;0.002875;0.007123
0.001465;0.003622;0.008958;0.001465;0.003622;0.008958
0.002245;0.005545;0.013698;0.002245;0.005545;0.013698
0.001944;0.004795;0.011827;0.001944;0.004795;0.011827
0.002173;0.005349;0.013171;0.002173;0.005349;0.013171
0.003920;0.009639;0.023705;0.003920;0.009639;0.023705
0.003773;0.009265;0.022752;0.003773;0.009265;0.022752
0.003331;0.008167;0.020025;0.003331;0.008167;0.020025
0.003238;0.007928;0.019410;0.003238;0.007928;0.019410
0.002218;0.005422;0.013256;0.002218;0.005422;0.013256
0.001032;0.002519;0.006149;0.001032;0.002519;0.006149
0.001351;0.003292;0.008024;0.001351;0.003292;0.008024
0.001560;0.003796;0.009239;0.001560;0.003796;0.009239
0.001185;0.002879;0.006998;0.001185;0.002879;0.006998
0.002613;0.006341;0.015387;0.002613;0.006341;0.015387
0.003049;0.007389;0.017905;0.003049;0.007389;0.017905
0.002318;0.005609;0.013575;0.002318;0.005609;0.013575
0.001634;0.003948;0.009541;0.001634;0.003948;0.009541
0.001038;0.002504;0.006044;0.001038;0.002504;0.006044
0.000814;0.001961;0.004725;0.000814;0.001961;0.004725
0.001258;0.003025;0.007276;0.001258;0.003025;0.007276
0.003123;0.007499;0.018008;0.003123;0.007499;0.018008
0.004147;0.009948;0.023864;0.004147;0.009948;0.023864
0.003883;0.009301;0.022278;0.003883;0.009301;0.022278
0.003254;0.007785;0.018624;0.003254;0.007785;0.018624
0.001776;0.004242;0.010134;0.001776;0.004242;0.010134
0.000816;0.001946;0.004642;0.000816;0.001946;0.004642
0.001263;0.003006;0.007156;0.001263;0.003006;0.007156
0.002128;0.005060;0.012033;0.002128;0.005060;0.012033
0.001908;0.004531;0.010761;0.001908;0.004531;0.010761
0.001064;0.002523;0.005984;0.001064;0.002523;0.005984
0.000368;0.000872;0.002064;0.000368;0.000872;0.002064
0.000601;0.001420;0.003358;0.000601;0.001420;0.003358
0.001003;0.002368;0.005590;0.001003;0.002368;0.005590
0.000331;0.000780;0.001838;0.000331;0.000780;0.001838
0.001405;0.003307;0.007786;0.001405;0.003307;0.007786
0.001202;0.002827;0.006647;0.001202;0.002827;0.006647
0.001305;0.003064;0.007193;0.001305;0.003064;0.007193
0.001288;0.003019;0.007077;0.001288;0.003019;0.007077
0.001484;0.003475;0.008135;0.001484;0.003475;0.008135
0.002206;0.005157;0.012055;0.002206;0.005157;0.012055
0.002391;0.005581;0.013029;0.002391;0.005581;0.013029
0.003773;0.008795;0.020499;0.003773;0.008795;0.020499
0.004260;0.009918;0.023088;0.004260;0.009918;0.023088
0.003405;0.007917;0.018405;0.003405;0.007917;0.018405
0.002411;0.005598;0.012996;0.002411;0.005598;0.012996
0.001455;0.003375;0.007825;0.001455;0.003375;0.007825
0.000982;0.002273;0.005261;0.000982;0.002273;0.005261
0.000543;0.001255;0.002904;0.000543;0.001255;0.002904
0.001207;0.002784;0.006422;0.001207;0.002784;0.006422
0.002971;0.006848;0.015785;0.002971;0.006848;0.015785
0.002730;0.006287;0.014477;0.002730;0.006287;0.014477
0.001232;0.002832;0.006511;0.001232;0.002832;0.006511
0.000720;0.001653;0.003794;0.000720;0.001653;0.003794
0.000633;0.001451;0.003327;0.000633;0.001451;0.003327
0.000983;0.002251;0.005153;0.000983;0.002251;0.005153
0.001277;0.002919;0.006670;0.001277;0.002919;0.006670
0.003588;0.008191;0.018700;0.003588;0.008191;0.018700
0.004037;0.009205;0.020986;0.004037;0.009205;0.020986
0.003429;0.007809;0.017779;0.003429;0.007809;0.017779
0.000377;0.000858;0.001951;0.000377;0.000858;0.001951
0.002916;0.006620;0.015030;0.002916;0.006620;0.015030
0.002180;0.004943;0.011207;0.002180;0.004943;0.011207
0.002824;0.006393;0.014475;0.002824;0.006393;0.014475
0.001891;0.004276;0.009671;0.001891;0.004276;0.009671
0.001960;0.004427;0.009996;0.001960;0.004427;0.009996
0.002652;0.005980;0.013485;0.002652;0.005980;0.013485
0.003777;0.008506;0.019152;0.003777;0.008506;0.019152
0.003176;0.007144;0.016068;0.003176;0.007144;0.016068
0.002021;0.004541;0.010200;0.002021;0.004541;0.010200
0.002641;0.005921;0.013278;0.002641;0.005921;0.013278
0.002984;0.006685;0.014973;0.002984;0.006685;0.014973
0.002403;0.005376;0.012025;0.002403;0.005376;0.012025
0.001452;0.003243;0.007247;0.001452;0.003243;0.007247
0.001695;0.003779;0.008426;0.001695;0.003779;0.008426
0.002302;0.005129;0.011428;0.002302;0.005129;0.011428
0.001561;0.003474;0.007729;0.001561;0.003474;0.007729
0.001041;0.002312;0.005139;0.001041;0.002312;0.005139
0.001254;0.002782;0.006169;0.001254;0.002782;0.006169
0.002799;0.006202;0.013743;0.002799;0.006202;0.013743
0.002940;0.006507;0.014399;0.002940;0.006507;0.014399
0.002664;0.005887;0.013009;0.002664;0.005887;0.013009
0.002202;0.004860;0.010727;0.002202;0.004860;0.010727
0.001865;0.004110;0.009058;0.001865;0.004110;0.009058
0.002051;0.004514;0.009936;0.002051;0.004514;0.009936
0.000540;0.001187;0.002610;0.000540;0.001187;0.002610
0.002620;0.005752;0.012628;0.002620;0.005752;0.012628
0.003819;0.008372;0.018354;0.003819;0.008372;0.018354
0.003204;0.007015;0.015359;0.003204;0.007015;0.015359
0.001662;0.003634;0.007947;0.001662;0.003634;0.007947
0.001195;0.002611;0.005701;0.001195;0.002611;0.005701
0.001653;0.003605;0.007861;0.001653;0.003605;0.007861
0.002499;0.005442;0.011852;0.002499;0.005442;0.011852
0.002440;0.005307;0.011543;0.002440;0.005307;0.011543
0.002061;0.004478;0.009727;0.002061;0.004478;0.009727
0.002467;0.005351;0.011607;0.002467;0.005351;0.011607
0.002047;0.004436;0.009613;0.002047;0.004436;0.009613
0.001411;0.003053;0.006607;0.001411;0.003053;0.006607
0.001857;0.004011;0.008667;0.001857;0.004011;0.008667
0.002376;0.005128;0.011067;0.002376;0.005128;0.011067
0.001838;0.003963;0.008544;0.001838;0.003963;0.008544
0.001073;0.002309;0.004971;0.001073;0.002309;0.004971
0.001210;0.002600;0.005588;0.001210;0.002600;0.005588
0.001987;0.004264;0.009154;0.001987;0.004264;0.009154
0.002786;0.005974;0.012809;0.002786;0.005974;0.012809
0.003111;0.006661;0.014264;0.003111;0.006661;0.014264
0.003039;0.006500;0.013900;0.003039;0.006500;0.013900
0.003523;0.007524;0.016069;0.003523;0.007524;0.016069
0.003438;0.007334;0.015646;0.003438;0.007334;0.015646
0.001836;0.003911;0.008332;0.001836;0.003911;0.008332
0.001406;0.002991;0.006362;0.001406;0.002991;0.006362
0.002125;0.004516;0.009596;0.002125;0.004516;0.009596
0.001610;0.003416;0.007250;0.001610;0.003416;0.007250
0.002504;0.005306;0.011245;0.002504;0.005306;0.011245
0.001520;0.003218;0.006813;0.001520;0.003218;0.006813
0.001926;0.004071;0.008606;0.001926;0.004071;0.008606
0.003001;0.006337;0.013378;0.003001;0.006337;0.013378
0.003379;0.007125;0.015024;0.003379;0.007125;0.015024
0.003931;0.008279;0.017434;0.003931;0.008279;0.017434
0.002225;0.004681;0.009848;0.002225;0.004681;0.009848
0.001825;0.003833;0.008051;0.001825;0.003833;0.008051
0.001896;0.003978;0.008347;0.001896;0.003978;0.008347
0.001615;0.003385;0.007093;0.001615;0.003385;0.007093
0.001607;0.003362;0.007035;0.001607;0.003362;0.007035
0.001096;0.002291;0.004791;0.001096;0.002291;0.004791
0.001466;0.003059;0.006382;0.001466;0.003059;0.006382
0.002908;0.006063;0.012638;0.002908;0.006063;0.012638
0.003020;0.006289;0.013095;0.003020;0.006289;0.013095
0.002010;0.004181;0.008697;0.002010;0.004181;0.008697
0.001523;0.003162;0.006565;0.001523;0.003162;0.006565
0.002822;0.005854;0.012144;0.002822;0.005854;0.012144
0.002045;0.004238;0.008780;0.002045;0.004238;0.008780
0.001686;0.003488;0.007217;0.001686;0.003488;0.007217
0.002040;0.004217;0.008714;0.002040;0.004217;0.008714
0.002095;0.004324;0.008925;0.002095;0.004324;0.008925
0.000879;0.001812;0.003735;0.000879;0.001812;0.003735
0.003345;0.006887;0.014180;0.003345;0.006887;0.014180
0.003217;0.006614;0.013601;0.003217;0.006614;0.013601
0.001888;0.003877;0.007962;0.001888;0.003877;0.007962
0.003971;0.008145;0.016706;0.003971;0.008145;0.016706
0.003278;0.006717;0.013761;0.003278;0.006717;0.013761
0.001735;0.003551;0.007267;0.001735;0.003551;0.007267
0.001576;0.003221;0.006583;0.001576;0.003221;0.006583
0.002172;0.004433;0.009047;0.002172;0.004433;0.009047
0.002249;0.004584;0.009345;0.002249;0.004584;0.009345
0.001737;0.003536;0.007201;0.001737;0.003536;0.007201
0.001310;0.002664;0.005418;0.001310;0.002664;0.005418
0.000586;0.001191;0.002420;0.000586;0.001191;0.002420
0.001111;0.002252;0.004566;0.001111;0.002252;0.004566
0.003728;0.007551;0.015295;0.003728;0.007551;0.015295
0.004645;0.009401;0.019027;0.004645;0.009401;0.019027
0.006063;0.012252;0.024756;0.006063;0.012252;0.024756
0.009391;0.018956;0.038267;0.009391;0.018956;0.038267
0.010586;0.021343;0.043031;0.010586;0.021343;0.043031
0.009988;0.020117;0.040518;0.009988;0.020117;0.040518
0.005466;0.010996;0.022118;0.005466;0.010996;0.022118
0.004170;0.008378;0.016830;0.004170;0.008378;0.016830
0.003876;0.007778;0.015607;0.003876;0.007778;0.015607
0.002517;0.005044;0.010108;0.002517;0.005044;0.010108
0.002183;0.004370;0.008747;0.002183;0.004370;0.008747
0.002312;0.004623;0.009242;0.002312;0.004623;0.009242
0.002622;0.005235;0.010453;0.002622;0.005235;0.010453
0.002288;0.004563;0.009100;0.002288;0.004563;0.009100
0.001918;0.003820;0.007610;0.001918;0.003820;0.007610
0.002989;0.005947;0.011831;0.002989;0.005947;0.011831
0.002839;0.005642;0.011213;0.002839;0.005642;0.011213
0.001684;0.003342;0.006634;0.001684;0.003342;0.006634
0.002492;0.004941;0.009794;0.002492;0.004941;0.009794
0.003062;0.006063;0.012006;0.003062;0.006063;0.012006
0.001917;0.003792;0.007501;0.001917;0.003792;0.007501
0.001046;0.002066;0.004082;0.001046;0.002066;0.004082
0.000977;0.001927;0.003801;0.000977;0.001927;0.003801
0.000954;0.001880;0.003705;0.000954;0.001880;0.003705
0.000770;0.001516;0.002985;0.000770;0.001516;0.002985
0.001151;0.002263;0.004449;0.001151;0.002263;0.004449
0.001964;0.003856;0.007570;0.001964;0.003856;0.007570
0.002189;0.004294;0.008423;0.002189;0.004294;0.008423
0.002293;0.004492;0.008799;0.002293;0.004492;0.008799
0.002800;0.005480;0.010722;0.002800;0.005480;0.010722
0.002579;0.005040;0.009852;0.002579;0.005040;0.009852
0.001694;0.003307;0.006456;0.001694;0.003307;0.006456
0.001067;0.002080;0.004056;0.001067;0.002080;0.004056
0.001191;0.002320;0.004517;0.001191;0.002320;0.004517
0.002255;0.004386;0.008531;0.002255;0.004386;0.008531
0.002906;0.005647;0.010972;0.002906;0.005647;0.010972
0.001810;0.003513;0.006818;0.001810;0.003513;0.006818
0.000964;0.001868;0.003621;0.000964;0.001868;0.003621
0.002073;0.004014;0.007772;0.002073;0.004014;0.007772
0.001914;0.003701;0.007158;0.001914;0.003701;0.007158
0.000928;0.001793;0.003464;0.000928;0.001793;0.003464
0.002356;0.004546;0.008769;0.002356;0.004546;0.008769
0.002509;0.004834;0.009316;0.002509;0.004834;0.009316
0.001967;0.003787;0.007289;0.001967;0.003787;0.007289
0.001925;0.003700;0.007114;0.001925;0.003700;0.007114
0.002698;0.005180;0.009948;0.002698;0.005180;0.009948
0.002841;0.005449;0.010452;0.002841;0.005449;0.010452
0.002779;0.005325;0.010203;0.002779;0.005325;0.010203
0.003014;0.005768;0.011038;0.003014;0.005768;0.011038
0.002445;0.004675;0.008938;0.002445;0.004675;0.008938
0.002176;0.004155;0.007932;0.002176;0.004155;0.007932
0.001706;0.003254;0.006208;0.001706;0.003254;0.006208
0.001211;0.002307;0.004395;0.001211;0.002307;0.004395
0.001671;0.003179;0.006048;0.001671;0.003179;0.006048
0.002023;0.003844;0.007306;0.002023;0.003844;0.007306
0.001657;0.003146;0.005974;0.001657;0.003146;0.005974
0.001158;0.002195;0.004162;0.001158;0.002195;0.004162
0.001187;0.002249;0.004260;0.001187;0.002249;0.004260
0.001517;0.002870;0.005429;0.001517;0.002870;0.005429
0.002032;0.003840;0.007257;0.002032;0.003840;0.007257
0.002121;0.004004;0.007557;0.002121;0.004004;0.007557
0.001900;0.003582;0.006753;0.001900;0.003582;0.006753
0.003126;0.005887;0.011087;0.003126;0.005887;0.011087
0.002439;0.004589;0.008632;0.002439;0.004589;0.008632
0.002446;0.004596;0.008636;0.002446;0.004596;0.008636
0.001729;0.003246;0.006092;0.001729;0.003246;0.006092
0.002307;0.004325;0.008108;0.002307;0.004325;0.008108
0.002714;0.005083;0.009519;0.002714;0.005083;0.009519
0.001765;0.003301;0.006176;0.001765;0.003301;0.006176
0.002146;0.004010;0.007491;0.002146;0.004010;0.007491
0.002534;0.004730;0.008828;0.002534;0.004730;0.008828
0.001087;0.002028;0.003782;0.001087;0.002028;0.003782
0.000956;0.001780;0.003313;0.000956;0.001780;0.003313
0.001695;0.003152;0.005862;0.001695;0.003152;0.005862
0.003546;0.006587;0.012236;0.003546;0.006587;0.012236
0.004777;0.008865;0.016453;0.004777;0.008865;0.016453
0.003365;0.006240;0.011571;0.003365;0.006240;0.011571
0.001884;0.003489;0.006461;0.001884;0.003489;0.006461
0.002724;0.005038;0.009316;0.002724;0.005038;0.009316
0.003582;0.006618;0.012229;0.003582;0.006618;0.012229
0.003070;0.005665;0.010456;0.003070;0.005665;0.010456
0.002998;0.005526;0.010188;0.002998;0.005526;0.010188
0.003213;0.005917;0.010896;0.003213;0.005917;0.010896
0.002666;0.004905;0.009022;0.002666;0.004905;0.009022
0.001888;0.003470;0.006375;0.001888;0.003470;0.006375
0.001830;0.003358;0.006163;0.001830;0.003358;0.006163
0.001518;0.002783;0.005103;0.001518;0.002783;0.005103
0.000333;0.000611;0.001118;0.000333;0.000611;0.001118
0.001189;0.002174;0.003977;0.001189;0.002174;0.003977
0.001459;0.002665;0.004870;0.001459;0.002665;0.004870
0.001843;0.003364;0.006141;0.001843;0.003364;0.006141
0.002052;0.003742;0.006822;0.002052;0.003742;0.006822
0.001768;0.003220;0.005865;0.001768;0.003220;0.005865
0.001153;0.002098;0.003817;0.001153;0.002098;0.003817
0.003755;0.006823;0.012396;0.003755;0.006823;0.012396
0.007954;0.014437;0.026203;0.007954;0.014437;0.026203
0.009384;0.017016;0.030853;0.009384;0.017016;0.030853
0.008791;0.015923;0.028841;0.008791;0.015923;0.028841
0.005607;0.010146;0.018360;0.005607;0.010146;0.018360
0.002320;0.004194;0.007583;0.002320;0.004194;0.007583
0.001935;0.003492;0.006304;0.001935;0.003492;0.006304
0.003206;0.005781;0.010423;0.003206;0.005781;0.010423
0.003785;0.006819;0.012283;0.003785;0.006819;0.012283
0.003077;0.005537;0.009966;0.003077;0.005537;0.009966
0.001980;0.003559;0.006398;0.001980;0.003559;0.006398
0.001698;0.003049;0.005475;0.001698;0.003049;0.005475
0.002276;0.004082;0.007320;0.002276;0.004082;0.007320
0.002664;0.004774;0.008553;0.002664;0.004774;0.008553
0.002210;0.003955;0.007078;0.002210;0.003955;0.007078
0.001914;0.003421;0.006116;0.001914;0.003421;0.006116
0.002647;0.004727;0.008441;0.002647;0.004727;0.008441
0.003157;0.005632;0.010048;0.003157;0.005632;0.010048
0.002978;0.005306;0.009456;0.002978;0.005306;0.009456
0.003083;0.005489;0.009771;0.003083;0.005489;0.009771
0.001986;0.003531;0.006280;0.001986;0.003531;0.006280
0.000279;0.000495;0.000879;0.000279;0.000495;0.000879
0.000818;0.001451;0.002575;0.000818;0.001451;0.002575
0.001619;0.002869;0.005086;0.001619;0.002869;0.005086
0.003024;0.005355;0.009480;0.003024;0.005355;0.009480
0.003975;0.007030;0.012433;0.003975;0.007030;0.012433
0.002169;0.003833;0.006774;0.002169;0.003833;0.006774
0.001209;0.002134;0.003767;0.001209;0.002134;0.003767
0.001807;0.003186;0.005617;0.001807;0.003186;0.005617
0.001756;0.003093;0.005449;0.001756;0.003093;0.005449
0.001420;0.002497;0.004394;0.001420;0.002497;0.004394
0.000933;0.001641;0.002884;0.000933;0.001641;0.002884
0.002372;0.004163;0.007307;0.002372;0.004163;0.007307
0.003000;0.005261;0.009228;0.003000;0.005261;0.009228
0.001941;0.003402;0.005960;0.001941;0.003402;0.005960
0.002100;0.003675;0.006430;0.002100;0.003675;0.006430
0.002992;0.005231;0.009145;0.002992;0.005231;0.009145
0.002697;0.004711;0.008228;0.002697;0.004711;0.008228
0.002028;0.003537;0.006170;0.002028;0.003537;0.006170
0.002511;0.004376;0.007625;0.002511;0.004376;0.007625
0.002500;0.004353;0.007580;0.002500;0.004353;0.007580
0.000549;0.000954;0.001658;0.000549;0.000954;0.001658
0.001664;0.002891;0.005021;0.001664;0.002891;0.005021
0.002912;0.005052;0.008767;0.002912;0.005052;0.008767
0.003778;0.006550;0.011356;0.003778;0.006550;0.011356
0.002105;0.003645;0.006312;0.002105;0.003645;0.006312
0.000985;0.001705;0.002949;0.000985;0.001705;0.002949
0.002328;0.004024;0.006953;0.002328;0.004024;0.006953
0.002614;0.004513;0.007791;0.002614;0.004513;0.007791
0.002600;0.004483;0.007731;0.002600;0.004483;0.007731
0.003369;0.005803;0.009997;0.003369;0.005803;0.009997
0.001217;0.002096;0.003608;0.001217;0.002096;0.003608
0.001486;0.002554;0.004390;0.001486;0.002554;0.004390
0.001353;0.002323;0.003991;0.001353;0.002323;0.003991
0.001867;0.003203;0.005495;0.001867;0.003203;0.005495
0.002624;0.004497;0.007706;0.002624;0.004497;0.007706
0.002234;0.003825;0.006550;0.002234;0.003825;0.006550
0.001458;0.002494;0.004266;0.001458;0.002494;0.004266
0.001203;0.002056;0.003512;0.001203;0.002056;0.003512
0.001612;0.002752;0.004696;0.001612;0.002752;0.004696
0.002790;0.004756;0.008108;0.002790;0.004756;0.008108
0.002771;0.004721;0.008043;0.002771;0.004721;0.008043
0.001419;0.002414;0.004107;0.001419;0.002414;0.004107
0.001045;0.001777;0.003021;0.001045;0.001777;0.003021
0.000505;0.000857;0.001456;0.000505;0.000857;0.001456
0.000706;0.001197;0.002029;0.000706;0.001197;0.002029
0.001817;0.003079;0.005218;0.001817;0.003079;0.005218
0.000861;0.001457;0.002466;0.000861;0.001457;0.002466
0.001264;0.002138;0.003616;0.001264;0.002138;0.003616
0.000828;0.001398;0.002362;0.000828;0.001398;0.002362
0.001491;0.002516;0.004245;0.001491;0.002516;0.004245
0.001505;0.002537;0.004276;0.001505;0.002537;0.004276
0.002700;0.004547;0.007658;0.002700;0.004547;0.007658
0.002169;0.003649;0.006139;0.002169;0.003649;0.006139
0.001280;0.002152;0.003617;0.001280;0.002152;0.003617
0.002168;0.003639;0.006110;0.002168;0.003639;0.006110
0.001640;0.002752;0.004616;0.001640;0.002752;0.004616
0.001636;0.002742;0.004594;0.001636;0.002742;0.004594
0.000867;0.001452;0.002432;0.000867;0.001452;0.002432
0.002262;0.003782;0.006323;0.002262;0.003782;0.006323
0.002463;0.004116;0.006876;0.002463;0.004116;0.006876
0.001898;0.003168;0.005288;0.001898;0.003168;0.005288
0.002144;0.003574;0.005958;0.002144;0.003574;0.005958
0.001670;0.002782;0.004634;0.001670;0.002782;0.004634
0.002207;0.003671;0.006107;0.002207;0.003671;0.006107
0.003174;0.005276;0.008770;0.003174;0.005276;0.008770
0.002377;0.003948;0.006557;0.002377;0.003948;0.006557
0.001438;0.002386;0.003957;0.001438;0.002386;0.003957
0.001553;0.002573;0.004263;0.001553;0.002573;0.004263
0.002357;0.003902;0.006459;0.002357;0.003902;0.006459
0.003433;0.005678;0.009391;0.003433;0.005678;0.009391
0.002923;0.004831;0.007982;0.002923;0.004831;0.007982
0.001600;0.002640;0.004357;0.001600;0.002640;0.004357
0.002618;0.004317;0.007117;0.002618;0.004317;0.007117
0.004314;0.007106;0.011706;0.004314;0.007106;0.011706
0.004685;0.007710;0.012688;0.004685;0.007710;0.012688
0.002941;0.004835;0.007949;0.002941;0.004835;0.007949
0.002237;0.003674;0.006034;0.002237;0.003674;0.006034
0.002622;0.004302;0.007059;0.002622;0.004302;0.007059
0.003431;0.005624;0.009219;0.003431;0.005624;0.009219
0.004263;0.006981;0.011432;0.004263;0.006981;0.011432
0.002250;0.003681;0.006023;0.002250;0.003681;0.006023
0.001610;0.002632;0.004301;0.001610;0.002632;0.004301
0.001624;0.002651;0.004329;0.001624;0.002651;0.004329
0.003462;0.005646;0.009208;0.003462;0.005646;0.009208
0.004007;0.006530;0.010641;0.004007;0.006530;0.010641
0.002215;0.003606;0.005873;0.002215;0.003606;0.005873
0.001150;0.001870;0.003042;0.001150;0.001870;0.003042
0.000986;0.001601;0.002602;0.000986;0.001601;0.002602
0.001898;0.003080;0.004998;0.001898;0.003080;0.004998
0.003196;0.005182;0.008402;0.003196;0.005182;0.008402
0.003550;0.005752;0.009318;0.003550;0.005752;0.009318
0.003837;0.006210;0.010049;0.003837;0.006210;0.010049
0.004559;0.007371;0.011917;0.004559;0.007371;0.011917
0.003953;0.006386;0.010316;0.003953;0.006386;0.010316
0.001712;0.002763;0.004460;0.001712;0.002763;0.004460
0.000521;0.000839;0.001352;0.000521;0.000839;0.001352
0.001972;0.003175;0.005113;0.001972;0.003175;0.005113
0.003587;0.005771;0.009285;0.003587;0.005771;0.009285
0.004370;0.007025;0.011291;0.004370;0.007025;0.011291
0.004820;0.007741;0.012430;0.004820;0.007741;0.012430
0.004505;0.007227;0.011594;0.004505;0.007227;0.011594
0.001907;0.003056;0.004898;0.001907;0.003056;0.004898
0.001199;0.001919;0.003073;0.001199;0.001919;0.003073
0.003081;0.004928;0.007882;0.003081;0.004928;0.007882
0.003056;0.004883;0.007804;0.003056;0.004883;0.007804
0.001735;0.002771;0.004424;0.001735;0.002771;0.004424
0.002070;0.003302;0.005267;0.002070;0.003302;0.005267
0.003245;0.005170;0.008237;0.003245;0.005170;0.008237
0.002855;0.004545;0.007236;0.002855;0.004545;0.007236
0.001579;0.002511;0.003994;0.001579;0.002511;0.003994
0.003142;0.004991;0.007928;0.003142;0.004991;0.007928
0.005403;0.008575;0.013611;0.005403;0.008575;0.013611
0.005477;0.008686;0.013775;0.005477;0.008686;0.013775
0.004320;0.006845;0.010846;0.004320;0.006845;0.010846
0.003298;0.005221;0.008264;0.003298;0.005221;0.008264
0.002248;0.003555;0.005622;0.002248;0.003555;0.005622
0.002442;0.003857;0.006092;0.002442;0.003857;0.006092
0.003331;0.005258;0.008299;0.003331;0.005258;0.008299
0.003294;0.005194;0.008189;0.003294;0.005194;0.008189
0.004117;0.006485;0.010215;0.004117;0.006485;0.010215
0.004287;0.006747;0.010620;0.004287;0.006747;0.010620
0.002643;0.004156;0.006535;0.002643;0.004156;0.006535
0.001924;0.003023;0.004748;0.001924;0.003023;0.004748
0.001139;0.001788;0.002806;0.001139;0.001788;0.002806
0.001088;0.001705;0.002673;0.001088;0.001705;0.002673
0.002565;0.004017;0.006292;0.002565;0.004017;0.006292
0.004232;0.006622;0.010363;0.004232;0.006622;0.010363
0.004313;0.006743;0.010543;0.004313;0.006743;0.010543
0.003760;0.005873;0.009174;0.003760;0.005873;0.009174
0.001486;0.002318;0.003618;0.001486;0.002318;0.003618
0.001111;0.001732;0.002700;0.001111;0.001732;0.002700
0.001963;0.003058;0.004762;0.001963;0.003058;0.004762
0.002144;0.003336;0.005192;0.002144;0.003336;0.005192
0.003080;0.004788;0.007443;0.003080;0.004788;0.007443
0.002823;0.004385;0.006811;0.002823;0.004385;0.006811
0.001882;0.002921;0.004534;0.001882;0.002921;0.004534
0.001523;0.002361;0.003660;0.001523;0.002361;0.003660
0.001268;0.001965;0.003043;0.001268;0.001965;0.003043
0.001202;0.001860;0.002877;0.001202;0.001860;0.002877
0.001582;0.002446;0.003781;0.001582;0.002446;0.003781
0.002274;0.003512;0.005423;0.002274;0.003512;0.005423
0.002190;0.003379;0.005215;0.002190;0.003379;0.005215
0.001429;0.002203;0.003396;0.001429;0.002203;0.003396
0.001742;0.002682;0.004130;0.001742;0.002682;0.004130
0.002486;0.003826;0.005887;0.002486;0.003826;0.005887
0.001871;0.002877;0.004423;0.001871;0.002877;0.004423
0.001088;0.001671;0.002567;0.001088;0.001671;0.002567
0.001191;0.001828;0.002805;0.001191;0.001828;0.002805
0.001877;0.002877;0.004411;0.001877;0.002877;0.004411
0.002692;0.004124;0.006316;0.002692;0.004124;0.006316
0.001994;0.003052;0.004670;0.001994;0.003052;0.004670
0.001571;0.002402;0.003672;0.001571;0.002402;0.003672
0.001110;0.001695;0.002589;0.001110;0.001695;0.002589
0.002644;0.004035;0.006157;0.002644;0.004035;0.006157
0.000993;0.001514;0.002309;0.000993;0.001514;0.002309
0.001496;0.002278;0.003469;0.001496;0.002278;0.003469
0.001116;0.001699;0.002585;0.001116;0.001699;0.002585
0.000295;0.000449;0.000683;0.000295;0.000449;0.000683
0.001693;0.002572;0.003906;0.001693;0.002572;0.003906
0.002704;0.004104;0.006227;0.002704;0.004104;0.006227
0.003338;0.005060;0.007672;0.003338;0.005060;0.007672
0.002846;0.004312;0.006532;0.002846;0.004312;0.006532
0.002591;0.003921;0.005933;0.002591;0.003921;0.005933
0.002945;0.004453;0.006733;0.002945;0.004453;0.006733
0.004150;0.006269;0.009470;0.004150;0.006269;0.009470
0.004937;0.007451;0.011246;0.004937;0.007451;0.011246
0.003675;0.005543;0.008360;0.003675;0.005543;0.008360
0.002387;0.003596;0.005418;0.002387;0.003596;0.005418
0.002017;0.003037;0.004572;0.002017;0.003037;0.004572
0.001474;0.002217;0.003333;0.001474;0.002217;0.003333
0.001724;0.002590;0.003892;0.001724;0.002590;0.003892
0.001298;0.001949;0.002926;0.001298;0.001949;0.002926
0.000723;0.001085;0.001627;0.000723;0.001085;0.001627
0.001061;0.001589;0.002381;0.001061;0.001589;0.002381
0.001324;0.001982;0.002967;0.001324;0.001982;0.002967
0.002705;0.004046;0.006050;0.002705;0.004046;0.006050
0.003449;0.005154;0.007702;0.003449;0.005154;0.007702
0.001419;0.002118;0.003162;0.001419;0.002118;0.003162
0.002752;0.004105;0.006122;0.002752;0.004105;0.006122
0.003929;0.005856;0.008726;0.003929;0.005856;0.008726
0.003801;0.005659;0.008426;0.003801;0.005659;0.008426
0.004207;0.006259;0.009311;0.004207;0.006259;0.009311
0.001882;0.002797;0.004158;0.001882;0.002797;0.004158
0.002904;0.004311;0.006401;0.002904;0.004311;0.006401
0.004870;0.007224;0.010717;0.004870;0.007224;0.010717
0.004356;0.006457;0.009571;0.004356;0.006457;0.009571
0.002451;0.003630;0.005377;0.002451;0.003630;0.005377
0.004044;0.005982;0.008850;0.004044;0.005982;0.008850
0.005641;0.008339;0.012328;0.005641;0.008339;0.012328
0.005284;0.007804;0.011527;0.005284;0.007804;0.011527
0.004250;0.006273;0.009257;0.004250;0.006273;0.009257
0.003462;0.005104;0.007525;0.003462;0.005104;0.007525
0.004125;0.006075;0.008947;0.004125;0.006075;0.008947
0.005251;0.007727;0.011373;0.005251;0.007727;0.011373
0.004202;0.006179;0.009087;0.004202;0.006179;0.009087
0.002743;0.004030;0.005920;0.002743;0.004030;0.005920
0.002651;0.003891;0.005713;0.002651;0.003891;0.005713
0.001534;0.002249;0.003297;0.001534;0.002249;0.003297
0.002371;0.003474;0.005090;0.002371;0.003474;0.005090
0.002550;0.003732;0.005462;0.002550;0.003732;0.005462
0.004578;0.006696;0.009795;0.004578;0.006696;0.009795
0.001743;0.002547;0.003722;0.001743;0.002547;0.003722
0.001882;0.002748;0.004012;0.001882;0.002748;0.004012
0.001199;0.001749;0.002551;0.001199;0.001749;0.002551
0.001600;0.002331;0.003398;0.001600;0.002331;0.003398
0.003015;0.004390;0.006393;0.003015;0.004390;0.006393
0.003607;0.005248;0.007635;0.003607;0.005248;0.007635
0.001863;0.002709;0.003938;0.001863;0.002709;0.003938
0.001954;0.002837;0.004120;0.001954;0.002837;0.004120
0.001791;0.002598;0.003770;0.001791;0.002598;0.003770
0.001438;0.002086;0.003024;0.001438;0.002086;0.003024
0.001159;0.001678;0.002431;0.001159;0.001678;0.002431
0.001939;0.002806;0.004061;0.001939;0.002806;0.004061
0.002824;0.004083;0.005904;0.002824;0.004083;0.005904
0.001628;0.002353;0.003401;0.001628;0.002353;0.003401
0.001327;0.001916;0.002765;0.001327;0.001916;0.002765
0.001634;0.002356;0.003399;0.001634;0.002356;0.003399
0.001730;0.002493;0.003593;0.001730;0.002493;0.003593
0.003138;0.004518;0.006503;0.003138;0.004518;0.006503
0.004110;0.005912;0.008505;0.004110;0.005912;0.008505
0.003348;0.004812;0.006916;0.003348;0.004812;0.006916
0.002606;0.003742;0.005374;0.002606;0.003742;0.005374
0.001463;0.002099;0.003012;0.001463;0.002099;0.003012
0.000514;0.000737;0.001056;0.000514;0.000737;0.001056
0.000773;0.001107;0.001586;0.000773;0.001107;0.001586
0.000520;0.000744;0.001064;0.000520;0.000744;0.001064
0.000319;0.000456;0.000652;0.000319;0.000456;0.000652
0.001240;0.001771;0.002530;0.001240;0.001771;0.002530
0.001618;0.002309;0.003296;0.001618;0.002309;0.003296
0.000809;0.001154;0.001646;0.000809;0.001154;0.001646
0.003794;0.005407;0.007703;0.003794;0.005407;0.007703
0.003158;0.004496;0.006401;0.003158;0.004496;0.006401
0.003192;0.004540;0.006458;0.003192;0.004540;0.006458
0.002450;0.003482;0.004948;0.002450;0.003482;0.004948
0.001285;0.001825;0.002592;0.001285;0.001825;0.002592
0.003027;0.004294;0.006092;0.003027;0.004294;0.006092
0.002502;0.003547;0.005028;0.002502;0.003547;0.005028
0.001918;0.002716;0.003847;0.001918;0.002716;0.003847
0.001305;0.001847;0.002615;0.001305;0.001847;0.002615
0.001825;0.002580;0.003647;0.001825;0.002580;0.003647
0.002167;0.003061;0.004325;0.002167;0.003061;0.004325
0.001241;0.001752;0.002473;0.001241;0.001752;0.002473
0.000384;0.000541;0.000764;0.000384;0.000541;0.000764
0.001522;0.002143;0.003019;0.001522;0.002143;0.003019
0.002452;0.003452;0.004861;0.002452;0.003452;0.004861
0.001847;0.002598;0.003654;0.001847;0.002598;0.003654
0.002740;0.003851;0.005413;0.002740;0.003851;0.005413
0.003885;0.005456;0.007661;0.003885;0.005456;0.007661
0.004955;0.006952;0.009755;0.004955;0.006952;0.009755
0.005247;0.007357;0.010314;0.005247;0.007357;0.010314
0.003662;0.005130;0.007187;0.003662;0.005130;0.007187
0.000823;0.001151;0.001611;0.000823;0.001151;0.001611
0.002079;0.002908;0.004066;0.002079;0.002908;0.004066
0.002080;0.002906;0.004060;0.002080;0.002906;0.004060
0.002411;0.003366;0.004699;0.002411;0.003366;0.004699
0.001615;0.002252;0.003142;0.001615;0.002252;0.003142
0.006304;0.008785;0.012244;0.006304;0.008785;0.012244
0.008136;0.011330;0.015778;0.008136;0.011330;0.015778
0.006513;0.009062;0.012609;0.006513;0.009062;0.012609
0.005229;0.007270;0.010107;0.005229;0.007270;0.010107
0.005278;0.007331;0.010183;0.005278;0.007331;0.010183
0.004283;0.005944;0.008250;0.004283;0.005944;0.008250
0.001664;0.002308;0.003202;0.001664;0.002308;0.003202
0.002524;0.003496;0.004843;0.002524;0.003496;0.004843
0.003341;0.004626;0.006404;0.003341;0.004626;0.006404
0.002784;0.003851;0.005327;0.002784;0.003851;0.005327
0.003167;0.004377;0.006048;0.003167;0.004377;0.006048
0.005697;0.007866;0.010861;0.005697;0.007866;0.010861
0.011150;0.015383;0.021222;0.011150;0.015383;0.021222
0.014704;0.020272;0.027948;0.014704;0.020272;0.027948
0.009708;0.013376;0.018430;0.009708;0.013376;0.018430
0.002633;0.003625;0.004989;0.002633;0.003625;0.004989
0.001975;0.002716;0.003735;0.001975;0.002716;0.003735
0.001743;0.002395;0.003292;0.001743;0.002395;0.003292
0.001255;0.001723;0.002365;0.001255;0.001723;0.002365
0.001972;0.002705;0.003711;0.001972;0.002705;0.003711
0.003669;0.005028;0.006892;0.003669;0.005028;0.006892
0.003613;0.004948;0.006776;0.003613;0.004948;0.006776
0.002843;0.003891;0.005324;0.002843;0.003891;0.005324
0.001995;0.002728;0.003730;0.001995;0.002728;0.003730
0.002489;0.003400;0.004645;0.002489;0.003400;0.004645
0.002093;0.002857;0.003900;0.002093;0.002857;0.003900
0.003323;0.004532;0.006182;0.003323;0.004532;0.006182
0.001797;0.002450;0.003339;0.001797;0.002450;0.003339
0.002611;0.003555;0.004841;0.002611;0.003555;0.004841
0.001769;0.002407;0.003275;0.001769;0.002407;0.003275
0.000841;0.001143;0.001554;0.000841;0.001143;0.001554
0.000594;0.000807;0.001096;0.000594;0.000807;0.001096
0.001836;0.002492;0.003381;0.001836;0.002492;0.003381
0.002661;0.003608;0.004893;0.002661;0.003608;0.004893
0.001489;0.002018;0.002735;0.001489;0.002018;0.002735
0.002320;0.003141;0.004251;0.002320;0.003141;0.004251
0.003035;0.004106;0.005555;0.003035;0.004106;0.005555
0.002778;0.003754;0.005075;0.002778;0.003754;0.005075
0.002869;0.003875;0.005233;0.002869;0.003875;0.005233
0.002319;0.003130;0.004224;0.002319;0.003130;0.004224
0.002287;0.003084;0.004157;0.002287;0.003084;0.004157
0.003580;0.004822;0.006497;0.003580;0.004822;0.006497
0.004607;0.006201;0.008348;0.004607;0.006201;0.008348
0.004337;0.005834;0.007848;0.004337;0.005834;0.007848
0.003618;0.004862;0.006535;0.003618;0.004862;0.006535
0.004013;0.005389;0.007237;0.004013;0.005389;0.007237
0.003371;0.004524;0.006070;0.003371;0.004524;0.006070
0.001532;0.002054;0.002754;0.001532;0.002054;0.002754
0.001883;0.002523;0.003380;0.001883;0.002523;0.003380
0.001996;0.002672;0.003576;0.001996;0.002672;0.003576
0.001644;0.002198;0.002940;0.001644;0.002198;0.002940
0.002588;0.003459;0.004623;0.002588;0.003459;0.004623
0.001239;0.001655;0.002210;0.001239;0.001655;0.002210
0.002740;0.003656;0.004877;0.002740;0.003656;0.004877
0.004692;0.006255;0.008338;0.004692;0.006255;0.008338
0.004078;0.005432;0.007237;0.004078;0.005432;0.007237
0.003236;0.004307;0.005732;0.003236;0.004307;0.005732
0.001196;0.001591;0.002117;0.001196;0.001591;0.002117
0.001608;0.002137;0.002839;0.001608;0.002137;0.002839
0.002395;0.003180;0.004223;0.002395;0.003180;0.004223
0.002325;0.003085;0.004094;0.002325;0.003085;0.004094
0.001182;0.001567;0.002079;0.001182;0.001567;0.002079
0.001367;0.001810;0.002397;0.001367;0.001810;0.002397
0.002960;0.003917;0.005184;0.002960;0.003917;0.005184
0.004437;0.005867;0.007759;0.004437;0.005867;0.007759
0.005275;0.006971;0.009213;0.005275;0.006971;0.009213
0.003305;0.004365;0.005765;0.003305;0.004365;0.005765
0.001249;0.001647;0.002172;0.001249;0.001647;0.002172
0.002826;0.003726;0.004912;0.002826;0.003726;0.004912
0.002137;0.002815;0.003707;0.002137;0.002815;0.003707
0.004259;0.005606;0.007379;0.004259;0.005606;0.007379
0.003716;0.004887;0.006428;0.003716;0.004887;0.006428
0.000757;0.000995;0.001307;0.000757;0.000995;0.001307
0.000571;0.000749;0.000984;0.000571;0.000749;0.000984
0.001585;0.002079;0.002728;0.001585;0.002079;0.002728
0.001493;0.001957;0.002566;0.001493;0.001957;0.002566
0.000937;0.001228;0.001609;0.000937;0.001228;0.001609
0.002857;0.003740;0.004895;0.002857;0.003740;0.004895
0.001271;0.001663;0.002175;0.001271;0.001663;0.002175
0.002371;0.003099;0.004049;0.002371;0.003099;0.004049
0.001223;0.001597;0.002086;0.001223;0.001597;0.002086
0.004809;0.006274;0.008185;0.004809;0.006274;0.008185
0.007248;0.009450;0.012320;0.007248;0.009450;0.012320
0.004484;0.005843;0.007614;0.004484;0.005843;0.007614
0.005446;0.007088;0.009225;0.005446;0.007088;0.009225
0.009371;0.012188;0.015852;0.009371;0.012188;0.015852
0.009096;0.011823;0.015367;0.009096;0.011823;0.015367
0.004645;0.006034;0.007838;0.004645;0.006034;0.007838
0.006241;0.008097;0.010504;0.006241;0.008097;0.010504
0.014788;0.019173;0.024857;0.014788;0.019173;0.024857
0.013336;0.017282;0.022396;0.013336;0.017282;0.022396
0.006777;0.008772;0.011354;0.006777;0.008772;0.011354
0.021719;0.028089;0.036327;0.021719;0.028089;0.036327
0.049359;0.063795;0.082454;0.049359;0.063795;0.082454
0.060731;0.078444;0.101323;0.060731;0.078444;0.101323
0.037088;0.047870;0.061785;0.037088;0.047870;0.061785
0.017530;0.022606;0.029151;0.017530;0.022606;0.029151
0.020239;0.026080;0.033606;0.020239;0.026080;0.033606
0.017081;0.021994;0.028320;0.017081;0.021994;0.028320
0.007514;0.009667;0.012437;0.007514;0.009667;0.012437
0.010378;0.013342;0.017152;0.010378;0.013342;0.017152
0.005912;0.007594;0.009755;0.005912;0.007594;0.009755
0.001966;0.002524;0.003240;0.001966;0.002524;0.003240
0.002561;0.003284;0.004212;0.002561;0.003284;0.004212
0.005298;0.006789;0.008701;0.005298;0.006789;0.008701
0.004053;0.005190;0.006647;0.004053;0.005190;0.006647
0.006674;0.008539;0.010926;0.006674;0.008539;0.010926
0.007261;0.009284;0.011871;0.007261;0.009284;0.011871
0.004188;0.005352;0.006839;0.004188;0.005352;0.006839
0.005086;0.006493;0.008288;0.005086;0.006493;0.008288
0.003475;0.004434;0.005658;0.003475;0.004434;0.005658
0.001993;0.002541;0.003239;0.001993;0.002541;0.003239
0.002440;0.003107;0.003958;0.002440;0.003107;0.003958
0.003293;0.004191;0.005333;0.003293;0.004191;0.005333
0.005387;0.006851;0.008711;0.005387;0.006851;0.008711
0.004777;0.006072;0.007718;0.004777;0.006072;0.007718
0.002540;0.003225;0.004094;0.002540;0.003225;0.004094
0.003331;0.004226;0.005363;0.003331;0.004226;0.005363
0.001825;0.002314;0.002934;0.001825;0.002314;0.002934
0.001854;0.002349;0.002975;0.001854;0.002349;0.002975
0.003192;0.004041;0.005115;0.003192;0.004041;0.005115
0.004660;0.005894;0.007456;0.004660;0.005894;0.007456
0.004262;0.005388;0.006810;0.004262;0.005388;0.006810
0.002880;0.003638;0.004595;0.002880;0.003638;0.004595
0.001510;0.001906;0.002405;0.001510;0.001906;0.002405
0.001799;0.002268;0.002861;0.001799;0.002268;0.002861
0.004055;0.005109;0.006439;0.004055;0.005109;0.006439
0.004689;0.005905;0.007435;0.004689;0.005905;0.007435
0.004166;0.005241;0.006595;0.004166;0.005241;0.006595
0.005619;0.007064;0.008881;0.005619;0.007064;0.008881
0.002792;0.003509;0.004408;0.002792;0.003509;0.004408
0.005989;0.007518;0.009437;0.005989;0.007518;0.009437
0.005441;0.006826;0.008563;0.005441;0.006826;0.008563
0.001805;0.002263;0.002838;0.001805;0.002263;0.002838
0.003223;0.004036;0.005054;0.003223;0.004036;0.005054
0.004718;0.005905;0.007391;0.004718;0.005905;0.007391
0.003117;0.003898;0.004876;0.003117;0.003898;0.004876
0.002534;0.003166;0.003956;0.002534;0.003166;0.003956
0.003427;0.004279;0.005343;0.003427;0.004279;0.005343
0.005661;0.007063;0.008812;0.005661;0.007063;0.008812
0.007658;0.009548;0.011905;0.007658;0.009548;0.011905
0.006469;0.008061;0.010044;0.006469;0.008061;0.010044
0.003701;0.004609;0.005739;0.003701;0.004609;0.005739
0.001932;0.002404;0.002990;0.001932;0.002404;0.002990
0.003227;0.004011;0.004985;0.003227;0.004011;0.004985
0.006608;0.008209;0.010198;0.006608;0.008209;0.010198
0.005089;0.006317;0.007841;0.005089;0.006317;0.007841
0.004382;0.005436;0.006743;0.004382;0.005436;0.006743
0.002096;0.002598;0.003220;0.002096;0.002598;0.003220
0.004178;0.005174;0.006408;0.004178;0.005174;0.006408
0.002126;0.002631;0.003256;0.002126;0.002631;0.003256
0.003485;0.004309;0.005329;0.003485;0.004309;0.005329
0.004896;0.006050;0.007475;0.004896;0.006050;0.007475
0.005085;0.006279;0.007753;0.005085;0.006279;0.007753
0.002790;0.003443;0.004248;0.002790;0.003443;0.004248
0.000620;0.000764;0.000942;0.000620;0.000764;0.000942
0.002878;0.003545;0.004367;0.002878;0.003545;0.004367
0.005126;0.006310;0.007768;0.005126;0.006310;0.007768
0.004758;0.005854;0.007202;0.004758;0.005854;0.007202
0.002461;0.003026;0.003721;0.002461;0.003026;0.003721
0.002422;0.002974;0.003653;0.002422;0.002974;0.003653
0.002607;0.003200;0.003928;0.002607;0.003200;0.003928
0.003372;0.004136;0.005072;0.003372;0.004136;0.005072
0.002973;0.003644;0.004467;0.002973;0.003644;0.004467
0.002919;0.003574;0.004377;0.002919;0.003574;0.004377
0.002998;0.003670;0.004492;0.002998;0.003670;0.004492
0.003682;0.004502;0.005504;0.003682;0.004502;0.005504
0.006697;0.008183;0.009999;0.006697;0.008183;0.009999
0.006914;0.008444;0.010312;0.006914;0.008444;0.010312
0.003934;0.004801;0.005859;0.003934;0.004801;0.005859
0.002870;0.003499;0.004265;0.002870;0.003499;0.004265
0.005198;0.006333;0.007716;0.005198;0.006333;0.007716
0.005802;0.007065;0.008601;0.005802;0.007065;0.008601
0.006012;0.007315;0.008899;0.006012;0.007315;0.008899
0.004830;0.005872;0.007139;0.004830;0.005872;0.007139
0.002991;0.003633;0.004414;0.002991;0.003633;0.004414
0.003046;0.003698;0.004489;0.003046;0.003698;0.004489
0.003551;0.004308;0.005226;0.003551;0.004308;0.005226
0.000329;0.000399;0.000484;0.000329;0.000399;0.000484
0.003533;0.004279;0.005182;0.003533;0.004279;0.005182
0.000893;0.001082;0.001310;0.000893;0.001082;0.001310
0.003041;0.003677;0.004447;0.003041;0.003677;0.004447
0.002931;0.003542;0.004281;0.002931;0.003542;0.004281
0.004935;0.005960;0.007198;0.004935;0.005960;0.007198
0.003485;0.004207;0.005078;0.003485;0.004207;0.005078
0.002707;0.003265;0.003938;0.002707;0.003265;0.003938
0.004939;0.005951;0.007171;0.004939;0.005951;0.007171
0.004013;0.004834;0.005822;0.004013;0.004834;0.005822
0.003048;0.003668;0.004414;0.003048;0.003668;0.004414
0.003215;0.003867;0.004650;0.003215;0.003867;0.004650
0.002951;0.003546;0.004261;0.002951;0.003546;0.004261
0.003799;0.004561;0.005476;0.003799;0.004561;0.005476
0.005487;0.006584;0.007900;0.005487;0.006584;0.007900
0.004813;0.005771;0.006921;0.004813;0.005771;0.006921
0.003121;0.003738;0.004479;0.003121;0.003738;0.004479
0.004411;0.005281;0.006324;0.004411;0.005281;0.006324
0.003391;0.004057;0.004853;0.003391;0.004057;0.004853
0.005566;0.006655;0.007957;0.005566;0.006655;0.007957
0.005149;0.006152;0.007350;0.005149;0.006152;0.007350
0.004792;0.005720;0.006830;0.004792;0.005720;0.006830
0.003699;0.004413;0.005265;0.003699;0.004413;0.005265
0.003543;0.004224;0.005035;0.003543;0.004224;0.005035
0.001076;0.001282;0.001527;0.001076;0.001282;0.001527
0.001803;0.002146;0.002554;0.001803;0.002146;0.002554
0.003154;0.003752;0.004463;0.003154;0.003752;0.004463
0.003678;0.004372;0.005197;0.003678;0.004372;0.005197
0.002124;0.002524;0.002998;0.002124;0.002524;0.002998
0.001969;0.002337;0.002775;0.001969;0.002337;0.002775
0.001733;0.002056;0.002439;0.001733;0.002056;0.002439
0.001083;0.001283;0.001521;0.001083;0.001283;0.001521
0.003652;0.004325;0.005122;0.003652;0.004325;0.005122
0.005592;0.006619;0.007834;0.005592;0.006619;0.007834
0.004921;0.005820;0.006885;0.004921;0.005820;0.006885
0.003464;0.004094;0.004839;0.003464;0.004094;0.004839
0.002188;0.002585;0.003054;0.002188;0.002585;0.003054
0.002579;0.003044;0.003592;0.002579;0.003044;0.003592
0.004547;0.005363;0.006324;0.004547;0.005363;0.006324
0.005694;0.006710;0.007908;0.005694;0.006710;0.007908
0.004427;0.005214;0.006141;0.004427;0.005214;0.006141
0.002300;0.002707;0.003186;0.002300;0.002707;0.003186
0.002163;0.002544;0.002992;0.002163;0.002544;0.002992
0.002592;0.003046;0.003580;0.002592;0.003046;0.003580
0.004176;0.004904;0.005759;0.004176;0.004904;0.005759
0.004997;0.005864;0.006882;0.004997;0.005864;0.006882
0.002939;0.003446;0.004042;0.002939;0.003446;0.004042
0.000905;0.001060;0.001242;0.000905;0.001060;0.001242
0.001493;0.001748;0.002047;0.001493;0.001748;0.002047
0.002684;0.003141;0.003676;0.002684;0.003141;0.003676
0.002295;0.002684;0.003138;0.002295;0.002684;0.003138
0.001464;0.001710;0.001999;0.001464;0.001710;0.001999
0.003475;0.004057;0.004738;0.003475;0.004057;0.004738
0.006889;0.008038;0.009380;0.006889;0.008038;0.009380
0.003069;0.003580;0.004175;0.003069;0.003580;0.004175
0.006133;0.007146;0.008326;0.006133;0.007146;0.008326
0.005970;0.006952;0.008095;0.005970;0.006952;0.008095
0.003431;0.003993;0.004647;0.003431;0.003993;0.004647
0.001441;0.001676;0.001950;0.001441;0.001676;0.001950
0.004330;0.005030;0.005844;0.004330;0.005030;0.005844
0.005371;0.006237;0.007242;0.005371;0.006237;0.007242
0.003989;0.004630;0.005373;0.003989;0.004630;0.005373
0.003338;0.003871;0.004488;0.003338;0.003871;0.004488
0.002784;0.003226;0.003739;0.002784;0.003226;0.003739
0.002705;0.003133;0.003627;0.002705;0.003133;0.003627
0.002193;0.002538;0.002937;0.002193;0.002538;0.002937
0.001824;0.002108;0.002437;0.001824;0.002108;0.002437
0.004341;0.005016;0.005796;0.004341;0.005016;0.005796
0.004187;0.004835;0.005584;0.004187;0.004835;0.005584
0.002743;0.003165;0.003652;0.002743;0.003165;0.003652
0.002467;0.002844;0.003280;0.002467;0.002844;0.003280
0.003585;0.004132;0.004761;0.003585;0.004132;0.004761
0.001913;0.002203;0.002536;0.001913;0.002203;0.002536
0.003391;0.003902;0.004490;0.003391;0.003902;0.004490
0.005214;0.005996;0.006895;0.005214;0.005996;0.006895
0.003059;0.003515;0.004039;0.003059;0.003515;0.004039
0.003030;0.003480;0.003996;0.003030;0.003480;0.003996
0.003910;0.004487;0.005149;0.003910;0.004487;0.005149
0.002878;0.003300;0.003784;0.002878;0.003300;0.003784
0.003442;0.003944;0.004520;0.003442;0.003944;0.004520
0.003028;0.003467;0.003971;0.003028;0.003467;0.003971
0.003590;0.004108;0.004701;0.003590;0.004108;0.004701
0.003187;0.003644;0.004168;0.003187;0.003644;0.004168
0.002135;0.002440;0.002789;0.002135;0.002440;0.002789
0.002833;0.003235;0.003694;0.002833;0.003235;0.003694
0.002911;0.003322;0.003791;0.002911;0.003322;0.003791
0.003544;0.004042;0.004609;0.003544;0.004042;0.004609
0.003840;0.004376;0.004987;0.003840;0.004376;0.004987
0.003254;0.003706;0.004221;0.003254;0.003706;0.004221
0.002103;0.002393;0.002724;0.002103;0.002393;0.002724
0.002012;0.002287;0.002601;0.002012;0.002287;0.002601
0.003806;0.004325;0.004915;0.003806;0.004325;0.004915
0.003232;0.003672;0.004171;0.003232;0.003672;0.004171
0.001486;0.001687;0.001914;0.001486;0.001687;0.001914
0.002203;0.002500;0.002835;0.002203;0.002500;0.002835
0.000748;0.000848;0.000961;0.000748;0.000848;0.000961
0.002324;0.002633;0.002981;0.002324;0.002633;0.002981
0.003958;0.004479;0.005070;0.003958;0.004479;0.005070
0.005224;0.005910;0.006685;0.005224;0.005910;0.006685
0.001253;0.001417;0.001601;0.001253;0.001417;0.001601
0.001071;0.001210;0.001367;0.001071;0.001210;0.001367
0.004769;0.005383;0.006077;0.004769;0.005383;0.006077
0.005582;0.006296;0.007102;0.005582;0.006296;0.007102
0.001789;0.002017;0.002274;0.001789;0.002017;0.002274
0.001722;0.001939;0.002185;0.001722;0.001939;0.002185
0.003858;0.004342;0.004888;0.003858;0.004342;0.004888
0.003636;0.004091;0.004602;0.003636;0.004091;0.004602
0.002242;0.002520;0.002834;0.002242;0.002520;0.002834
0.003532;0.003968;0.004457;0.003532;0.003968;0.004457
0.002458;0.002760;0.003099;0.002458;0.002760;0.003099
0.002167;0.002431;0.002727;0.002167;0.002431;0.002727
0.002805;0.003145;0.003526;0.002805;0.003145;0.003526
0.002423;0.002715;0.003042;0.002423;0.002715;0.003042
0.001863;0.002086;0.002335;0.001863;0.002086;0.002335
0.003806;0.004257;0.004762;0.003806;0.004257;0.004762
0.005933;0.006633;0.007417;0.005933;0.006633;0.007417
0.005238;0.005853;0.006540;0.005238;0.005853;0.006540
0.003962;0.004425;0.004941;0.003962;0.004425;0.004941
0.002842;0.003172;0.003539;0.002842;0.003172;0.003539
0.003984;0.004442;0.004952;0.003984;0.004442;0.004952
0.008102;0.009028;0.010061;0.008102;0.009028;0.010061
0.005821;0.006483;0.007221;0.005821;0.006483;0.007221
0.001513;0.001683;0.001873;0.001513;0.001683;0.001873
0.003242;0.003606;0.004010;0.003242;0.003606;0.004010
0.003504;0.003894;0.004327;0.003504;0.003894;0.004327
0.004306;0.004783;0.005312;0.004306;0.004783;0.005312
0.004277;0.004747;0.005268;0.004277;0.004747;0.005268
0.001532;0.001699;0.001884;0.001532;0.001699;0.001884
0.003417;0.003787;0.004198;0.003417;0.003787;0.004198
0.002752;0.003048;0.003376;0.002752;0.003048;0.003376
0.001382;0.001530;0.001694;0.001382;0.001530;0.001694
0.000907;0.001003;0.001110;0.000907;0.001003;0.001110
0.001336;0.001476;0.001632;0.001336;0.001476;0.001632
0.002584;0.002855;0.003153;0.002584;0.002855;0.003153
0.006033;0.006660;0.007351;0.006033;0.006660;0.007351
0.007518;0.008294;0.009150;0.007518;0.008294;0.009150
0.004484;0.004945;0.005452;0.004484;0.004945;0.005452
0.003382;0.003726;0.004105;0.003382;0.003726;0.004105
0.003006;0.003310;0.003644;0.003006;0.003310;0.003644
0.003737;0.004111;0.004522;0.003737;0.004111;0.004522
0.004395;0.004832;0.005314;0.004395;0.004832;0.005314
0.002959;0.003252;0.003573;0.002959;0.003252;0.003573
0.002205;0.002422;0.002660;0.002205;0.002422;0.002660
0.001311;0.001439;0.001579;0.001311;0.001439;0.001579
0.001600;0.001754;0.001924;0.001600;0.001754;0.001924
0.002287;0.002507;0.002747;0.002287;0.002507;0.002747
0.002396;0.002625;0.002875;0.002396;0.002625;0.002875
0.001532;0.001676;0.001834;0.001532;0.001676;0.001834
0.005695;0.006229;0.006813;0.005695;0.006229;0.006813
0.003087;0.003374;0.003688;0.003087;0.003374;0.003688
0.002162;0.002361;0.002579;0.002162;0.002361;0.002579
0.003907;0.004265;0.004656;0.003907;0.004265;0.004656
0.005998;0.006543;0.007138;0.005998;0.006543;0.007138
0.005064;0.005521;0.006018;0.005064;0.005521;0.006018
0.003719;0.004052;0.004415;0.003719;0.004052;0.004415
0.001977;0.002153;0.002344;0.001977;0.002153;0.002344
0.005667;0.006165;0.006707;0.005667;0.006165;0.006707
0.004823;0.005245;0.005703;0.004823;0.005245;0.005703
0.003948;0.004289;0.004661;0.003948;0.004289;0.004661
0.004735;0.005141;0.005583;0.004735;0.005141;0.005583
0.003999;0.004340;0.004710;0.003999;0.004340;0.004710
0.003886;0.004214;0.004570;0.003886;0.004214;0.004570
0.002903;0.003147;0.003411;0.002903;0.003147;0.003411
0.004767;0.005162;0.005590;0.004767;0.005162;0.005590
0.005118;0.005540;0.005997;0.005118;0.005540;0.005997
0.002378;0.002572;0.002783;0.002378;0.002572;0.002783
0.001912;0.002067;0.002234;0.001912;0.002067;0.002234
0.002819;0.003045;0.003289;0.002819;0.003045;0.003289
0.002672;0.002885;0.003114;0.002672;0.002885;0.003114
0.002663;0.002873;0.003099;0.002663;0.002873;0.003099
0.004845;0.005223;0.005630;0.004845;0.005223;0.005630
0.007186;0.007741;0.008339;0.007186;0.007741;0.008339
0.011098;0.011949;0.012865;0.011098;0.011949;0.012865
0.008515;0.009163;0.009860;0.008515;0.009163;0.009860
0.001069;0.001149;0.001235;0.001069;0.001149;0.001235
0.002129;0.002288;0.002458;0.002129;0.002288;0.002458
0.001518;0.001631;0.001751;0.001518;0.001631;0.001751
0.000985;0.001057;0.001134;0.000985;0.001057;0.001134
0.004775;0.005121;0.005492;0.004775;0.005121;0.005492
0.006301;0.006754;0.007239;0.006301;0.006754;0.007239
0.004358;0.004668;0.005000;0.004358;0.004668;0.005000
0.002600;0.002783;0.002980;0.002600;0.002783;0.002980
0.002654;0.002839;0.003037;0.002654;0.002839;0.003037
0.002847;0.003043;0.003254;0.002847;0.003043;0.003254
0.002186;0.002335;0.002495;0.002186;0.002335;0.002495
0.003702;0.003952;0.004219;0.003702;0.003952;0.004219
0.002712;0.002894;0.003088;0.002712;0.002894;0.003088
0.002950;0.003145;0.003353;0.002950;0.003145;0.003353
0.002261;0.002410;0.002569;0.002261;0.002410;0.002569
0.001269;0.001352;0.001440;0.001269;0.001352;0.001440
0.001755;0.001867;0.001987;0.001755;0.001867;0.001987
0.003645;0.003876;0.004122;0.003645;0.003876;0.004122
0.006300;0.006696;0.007116;0.006300;0.006696;0.007116
0.006721;0.007139;0.007584;0.006721;0.007139;0.007584
0.005860;0.006220;0.006602;0.005860;0.006220;0.006602
0.005935;0.006296;0.006680;0.005935;0.006296;0.006680
0.003890;0.004125;0.004373;0.003890;0.004125;0.004373
0.002883;0.003054;0.003235;0.002883;0.003054;0.003235
0.005809;0.006150;0.006512;0.005809;0.006150;0.006512
0.003824;0.004046;0.004282;0.003824;0.004046;0.004282
0.000549;0.000580;0.000614;0.000549;0.000580;0.000614
0.002878;0.003041;0.003214;0.002878;0.003041;0.003214
0.003909;0.004128;0.004359;0.003909;0.004128;0.004359
0.007210;0.007609;0.008031;0.007210;0.007609;0.008031
0.007424;0.007830;0.008259;0.007424;0.007830;0.008259
0.003794;0.003999;0.004216;0.003794;0.003999;0.004216
0.006970;0.007342;0.007733;0.006970;0.007342;0.007733
0.005422;0.005708;0.006010;0.005422;0.005708;0.006010
0.002693;0.002834;0.002982;0.002693;0.002834;0.002982
0.001508;0.001585;0.001667;0.001508;0.001585;0.001667
0.002353;0.002472;0.002597;0.002353;0.002472;0.002597
0.002479;0.002604;0.002734;0.002479;0.002604;0.002734
0.003195;0.003352;0.003517;0.003195;0.003352;0.003517
0.003394;0.003559;0.003733;0.003394;0.003559;0.003733
0.004182;0.004383;0.004593;0.004182;0.004383;0.004593
0.005220;0.005467;0.005727;0.005220;0.005467;0.005727
0.004496;0.004706;0.004926;0.004496;0.004706;0.004926
0.003489;0.003650;0.003818;0.003489;0.003650;0.003818
0.003956;0.004136;0.004323;0.003956;0.004136;0.004323
0.006018;0.006287;0.006568;0.006018;0.006287;0.006568
0.006858;0.007162;0.007478;0.006858;0.007162;0.007478
0.003131;0.003267;0.003409;0.003131;0.003267;0.003409
0.003038;0.003169;0.003305;0.003038;0.003169;0.003305
0.001880;0.001958;0.002040;0.001880;0.001958;0.002040
0.005599;0.005831;0.006073;0.005599;0.005831;0.006073
0.006205;0.006459;0.006723;0.006205;0.006459;0.006723
0.004623;0.004808;0.005001;0.004623;0.004808;0.005001
0.003846;0.003998;0.004156;0.003846;0.003998;0.004156
0.003499;0.003635;0.003777;0.003499;0.003635;0.003777
0.004095;0.004252;0.004414;0.004095;0.004252;0.004414
0.000693;0.000720;0.000747;0.000693;0.000720;0.000747
0.002806;0.002909;0.003017;0.002806;0.002909;0.003017
0.004472;0.004634;0.004802;0.004472;0.004634;0.004802
0.003544;0.003671;0.003802;0.003544;0.003671;0.003802
0.002748;0.002845;0.002944;0.002748;0.002845;0.002944
0.006113;0.006323;0.006539;0.006113;0.006323;0.006539
0.005497;0.005683;0.005874;0.005497;0.005683;0.005874
0.004224;0.004364;0.004508;0.004224;0.004364;0.004508
0.003277;0.003383;0.003493;0.003277;0.003383;0.003493
0.002056;0.002122;0.002190;0.002056;0.002122;0.002190
0.002308;0.002379;0.002453;0.002308;0.002379;0.002453
0.003534;0.003641;0.003752;0.003534;0.003641;0.003752
0.004110;0.004232;0.004359;0.004110;0.004232;0.004359
0.004849;0.004990;0.005135;0.004849;0.004990;0.005135
0.006494;0.006679;0.006869;0.006494;0.006679;0.006869
0.006842;0.007033;0.007230;0.006842;0.007033;0.007230
0.004599;0.004725;0.004854;0.004599;0.004725;0.004854
0.003650;0.003747;0.003846;0.003650;0.003747;0.003846
0.004965;0.005094;0.005227;0.004965;0.005094;0.005227
0.004220;0.004327;0.004437;0.004220;0.004327;0.004437
0.005745;0.005887;0.006033;0.005745;0.005887;0.006033
0.004359;0.004463;0.004571;0.004359;0.004463;0.004571
0.008332;0.008528;0.008728;0.008332;0.008528;0.008728
0.006352;0.006497;0.006645;0.006352;0.006497;0.006645
0.002225;0.002275;0.002325;0.002225;0.002275;0.002325
0.004739;0.004841;0.004945;0.004739;0.004841;0.004945
0.008606;0.008786;0.008970;0.008606;0.008786;0.008970
0.004038;0.004121;0.004205;0.004038;0.004121;0.004205
0.005245;0.005348;0.005453;0.005245;0.005348;0.005453
0.002061;0.002101;0.002142;0.002061;0.002101;0.002142
0.006765;0.006889;0.007015;0.006765;0.006889;0.007015
0.008043;0.008187;0.008333;0.008043;0.008187;0.008333
0.005222;0.005313;0.005405;0.005222;0.005313;0.005405
0.002437;0.002478;0.002519;0.002437;0.002478;0.002519
0.001228;0.001247;0.001267;0.001228;0.001247;0.001267
0.001724;0.001751;0.001777;0.001724;0.001751;0.001777
0.003346;0.003395;0.003444;0.003346;0.003395;0.003444
0.003188;0.003233;0.003279;0.003188;0.003233;0.003279
0.002555;0.002589;0.002624;0.002555;0.002589;0.002624
0.002699;0.002734;0.002769;0.002699;0.002734;0.002769
0.001542;0.001561;0.001580;0.001542;0.001561;0.001580
0.002859;0.002892;0.002925;0.002859;0.002892;0.002925
0.004805;0.004858;0.004911;0.004805;0.004858;0.004911
0.003860;0.003900;0.003941;0.003860;0.003900;0.003941
0.002501;0.002525;0.002549;0.002501;0.002525;0.002549
0.003521;0.003553;0.003586;0.003521;0.003553;0.003586
0.002523;0.002544;0.002566;0.002523;0.002544;0.002566
0.001929;0.001944;0.001960;0.001929;0.001944;0.001960
0.001872;0.001886;0.001899;0.001872;0.001886;0.001899
0.003608;0.003633;0.003657;0.003608;0.003633;0.003657
0.001246;0.001253;0.001261;0.001246;0.001253;0.001261
0.006111;0.006144;0.006177;0.006111;0.006144;0.006177
0.002992;0.003006;0.003021;0.002992;0.003006;0.003021
0.003523;0.003537;0.003552;0.003523;0.003537;0.003552
0.004799;0.004816;0.004833;0.004799;0.004816;0.004833
0.007481;0.007503;0.007526;0.007481;0.007503;0.007526
0.007157;0.007174;0.007192;0.007157;0.007174;0.007192
0.003347;0.003354;0.003360;0.003347;0.003354;0.003360
0.004015;0.004019;0.004023;0.004015;0.004019;0.004023
0.007692;0.007696;0.007700;0.007692;0.007696;0.007700
0.008787;0.008787;0.008787;0.008787;0.008787;0.008787
0.007955;0.007950;0.007945;0.007955;0.007950;0.007945
0.008217;0.008207;0.008197;0.008217;0.008207;0.008197
0.008169;0.008154;0.008140;0.008169;0.008154;0.008140
0.006744;0.006728;0.006712;0.006744;0.006728;0.006712
0.004128;0.004117;0.004105;0.004128;0.004117;0.004105
0.000794;0.000791;0.000789;0.000794;0.000791;0.000789
0.001334;0.001328;0.001322;0.001334;0.001328;0.001322
0.002562;0.002549;0.002537;0.002562;0.002549;0.002537
0.003319;0.003301;0.003283;0.003319;0.003301;0.003283
0.003490;0.003469;0.003448;0.003490;0.003469;0.003448
0.003324;0.003302;0.003280;0.003324;0.003302;0.003280
0.003594;0.003569;0.003543;0.003594;0.003569;0.003543
0.002680;0.002659;0.002638;0.002680;0.002659;0.002638
0.006762;0.006705;0.006649;0.006762;0.006705;0.006649
0.007308;0.007242;0.007177;0.007308;0.007242;0.007177
0.004951;0.004904;0.004857;0.004951;0.004904;0.004857
0.003466;0.003431;0.003396;0.003466;0.003431;0.003396
0.005615;0.005555;0.005495;0.005615;0.005555;0.005495
0.003997;0.003952;0.003907;0.003997;0.003952;0.003907
0.004019;0.003971;0.003924;0.004019;0.003971;0.003924
0.005301;0.005235;0.005169;0.005301;0.005235;0.005169
0.003182;0.003141;0.003100;0.003182;0.003141;0.003100
0.003490;0.003442;0.003395;0.003490;0.003442;0.003395
0.004892;0.004822;0.004753;0.004892;0.004822;0.004753
0.006681;0.006582;0.006483;0.006681;0.006582;0.006483
0.004680;0.004609;0.004538;0.004680;0.004609;0.004538
0.003131;0.003081;0.003031;0.003131;0.003081;0.003031
0.004747;0.004668;0.004590;0.004747;0.004668;0.004590
0.005300;0.005209;0.005120;0.005300;0.005209;0.005120
0.005980;0.005873;0.005768;0.005980;0.005873;0.005768
0.005240;0.005144;0.005051;0.005240;0.005144;0.005051
0.002582;0.002532;0.002483;0.002582;0.002532;0.002483
0.005184;0.005083;0.004984;0.005184;0.005083;0.004984
0.004261;0.004175;0.004090;0.004261;0.004175;0.004090
0.006500;0.006366;0.006235;0.006500;0.006366;0.006235
0.002739;0.002681;0.002624;0.002739;0.002681;0.002624
0.003737;0.003655;0.003575;0.003737;0.003655;0.003575
0.006511;0.006365;0.006222;0.006511;0.006365;0.006222
0.006781;0.006625;0.006473;0.006781;0.006625;0.006473
0.002289;0.002235;0.002182;0.002289;0.002235;0.002182
0.002744;0.002677;0.002613;0.002744;0.002677;0.002613
0.006363;0.006205;0.006052;0.006363;0.006205;0.006052
0.007553;0.007362;0.007176;0.007553;0.007362;0.007176
0.003768;0.003671;0.003576;0.003768;0.003671;0.003576
0.004490;0.004371;0.004255;0.004490;0.004371;0.004255
0.007216;0.007021;0.006831;0.007216;0.007021;0.006831
0.005970;0.005805;0.005645;0.005970;0.005805;0.005645
0.004453;0.004328;0.004206;0.004453;0.004328;0.004206
0.003011;0.002925;0.002841;0.003011;0.002925;0.002841
0.002368;0.002299;0.002232;0.002368;0.002299;0.002232
0.005533;0.005367;0.005205;0.005533;0.005367;0.005205
0.008439;0.008182;0.007933;0.008439;0.008182;0.007933
0.007650;0.007413;0.007184;0.007650;0.007413;0.007184
0.007315;0.007084;0.006860;0.007315;0.007084;0.006860
0.008462;0.008190;0.007927;0.008462;0.008190;0.007927
0.006237;0.006034;0.005837;0.006237;0.006034;0.005837
0.002103;0.002033;0.001965;0.002103;0.002033;0.001965
0.003099;0.002994;0.002892;0.003099;0.002994;0.002892
0.007970;0.007696;0.007431;0.007970;0.007696;0.007431
0.010339;0.009978;0.009630;0.010339;0.009978;0.009630
0.005879;0.005671;0.005470;0.005879;0.005671;0.005470
0.003434;0.003310;0.003191;0.003434;0.003310;0.003191
0.001953;0.001882;0.001813;0.001953;0.001882;0.001813
0.004709;0.004534;0.004365;0.004709;0.004534;0.004365
0.005746;0.005529;0.005320;0.005746;0.005529;0.005320
0.004700;0.004520;0.004346;0.004700;0.004520;0.004346
0.003694;0.003550;0.003412;0.003694;0.003550;0.003412
0.006020;0.005782;0.005554;0.006020;0.005782;0.005554
0.012114;0.011629;0.011163;0.012114;0.011629;0.011163
0.007575;0.007268;0.006974;0.007575;0.007268;0.006974
0.003327;0.003191;0.003060;0.003327;0.003191;0.003060
0.002576;0.002469;0.002366;0.002576;0.002469;0.002366
0.002996;0.002870;0.002748;0.002996;0.002870;0.002748
0.003842;0.003677;0.003520;0.003842;0.003677;0.003520
0.006131;0.005865;0.005610;0.006131;0.005865;0.005610
0.007650;0.007314;0.006993;0.007650;0.007314;0.006993
0.006141;0.005869;0.005609;0.006141;0.005869;0.005609
0.006267;0.005985;0.005715;0.006267;0.005985;0.005715
0.007472;0.007132;0.006807;0.007472;0.007132;0.006807
0.007342;0.007003;0.006681;0.007342;0.007003;0.006681
0.007232;0.006895;0.006574;0.007232;0.006895;0.006574
0.007844;0.007474;0.007121;0.007844;0.007474;0.007121
0.009920;0.009447;0.008997;0.009920;0.009447;0.008997
0.010311;0.009812;0.009337;0.010311;0.009812;0.009337
0.022107;0.021028;0.020001;0.022107;0.021028;0.020001
0.026478;0.025171;0.023929;0.026478;0.025171;0.023929
0.021653;0.020573;0.019547;0.021653;0.020573;0.019547
0.017851;0.016951;0.016096;0.017851;0.016951;0.016096
0.010854;0.010301;0.009775;0.010854;0.010301;0.009775
0.014191;0.013460;0.012766;0.014191;0.013460;0.012766
0.007799;0.007393;0.007008;0.007799;0.007393;0.007008
0.004326;0.004099;0.003883;0.004326;0.004099;0.003883
0.001972;0.001867;0.001768;0.001972;0.001867;0.001768
0.004964;0.004697;0.004444;0.004964;0.004697;0.004444
0.003490;0.003301;0.003122;0.003490;0.003301;0.003122
0.003497;0.003305;0.003124;0.003497;0.003305;0.003124
0.007924;0.007485;0.007071;0.007924;0.007485;0.007071
0.008580;0.008101;0.007648;0.008580;0.008101;0.007648
0.007142;0.006739;0.006359;0.007142;0.006739;0.006359
0.005586;0.005268;0.004969;0.005586;0.005268;0.004969
0.002913;0.002746;0.002589;0.002913;0.002746;0.002589
0.002283;0.002150;0.002025;0.002283;0.002150;0.002025
0.004731;0.004454;0.004192;0.004731;0.004454;0.004192
0.004531;0.004264;0.004013;0.004531;0.004264;0.004013
0.004771;0.004486;0.004218;0.004771;0.004486;0.004218
0.007506;0.007055;0.006631;0.007506;0.007055;0.006631
0.007937;0.007455;0.007002;0.007937;0.007455;0.007002
0.008684;0.008153;0.007654;0.008684;0.008153;0.007654
0.007086;0.006648;0.006238;0.007086;0.006648;0.006238
0.006501;0.006096;0.005717;0.006501;0.006096;0.005717
0.003181;0.002980;0.002792;0.003181;0.002980;0.002792
0.009493;0.008892;0.008329;0.009493;0.008892;0.008329
0.006998;0.006551;0.006132;0.006998;0.006551;0.006132
0.009825;0.009193;0.008601;0.009825;0.009193;0.008601
0.005750;0.005377;0.005028;0.005750;0.005377;0.005028
0.002739;0.002560;0.002392;0.002739;0.002560;0.002392
0.005345;0.004992;0.004663;0.005345;0.004992;0.004663
0.003538;0.003303;0.003083;0.003538;0.003303;0.003083
0.007859;0.007332;0.006840;0.007859;0.007332;0.006840
0.009035;0.008424;0.007855;0.009035;0.008424;0.007855
0.009743;0.009080;0.008462;0.009743;0.009080;0.008462
0.009652;0.008990;0.008373;0.009652;0.008990;0.008373
0.010124;0.009424;0.008772;0.010124;0.009424;0.008772
0.010023;0.009325;0.008676;0.010023;0.009325;0.008676
0.006988;0.006498;0.006042;0.006988;0.006498;0.006042
0.005596;0.005200;0.004833;0.005596;0.005200;0.004833
0.005821;0.005406;0.005021;0.005821;0.005406;0.005021
0.005983;0.005553;0.005155;0.005983;0.005553;0.005155
0.005402;0.005012;0.004650;0.005402;0.005012;0.004650
0.005101;0.004730;0.004385;0.005101;0.004730;0.004385
0.006662;0.006174;0.005721;0.006662;0.006174;0.005721
0.006607;0.006120;0.005669;0.006607;0.006120;0.005669
0.003476;0.003218;0.002979;0.003476;0.003218;0.002979
0.002369;0.002192;0.002028;0.002369;0.002192;0.002028
0.001412;0.001305;0.001207;0.001412;0.001305;0.001207
0.001150;0.001062;0.000982;0.001150;0.001062;0.000982
0.002221;0.002051;0.001894;0.002221;0.002051;0.001894
0.003941;0.003638;0.003358;0.003941;0.003638;0.003358
0.004823;0.004450;0.004105;0.004823;0.004450;0.004105
0.010595;0.009769;0.009008;0.010595;0.009769;0.009008
0.008204;0.007561;0.006968;0.008204;0.007561;0.006968
0.005205;0.004794;0.004415;0.005205;0.004794;0.004415
0.011323;0.010423;0.009595;0.011323;0.010423;0.009595
0.006685;0.006151;0.005659;0.006685;0.006151;0.005659
0.008239;0.007575;0.006965;0.008239;0.007575;0.006965
0.020187;0.018551;0.017047;0.020187;0.018551;0.017047
0.013059;0.011996;0.011019;0.013059;0.011996;0.011019
0.006750;0.006197;0.005689;0.006750;0.006197;0.005689
0.008522;0.007819;0.007173;0.008522;0.007819;0.007173
0.015250;0.013983;0.012821;0.015250;0.013983;0.012821
0.014332;0.013135;0.012038;0.014332;0.013135;0.012038
0.006483;0.005939;0.005441;0.006483;0.005939;0.005441
0.002092;0.001916;0.001754;0.002092;0.001916;0.001754
0.002925;0.002676;0.002448;0.002925;0.002676;0.002448
0.004126;0.003773;0.003450;0.004126;0.003773;0.003450
0.004244;0.003879;0.003545;0.004244;0.003879;0.003545
0.004487;0.004098;0.003744;0.004487;0.004098;0.003744
0.003957;0.003613;0.003298;0.003957;0.003613;0.003298
0.002360;0.002153;0.001965;0.002360;0.002153;0.001965
0.002326;0.002121;0.001934;0.002326;0.002121;0.001934
0.002956;0.002694;0.002455;0.002956;0.002694;0.002455
0.003588;0.003269;0.002978;0.003588;0.003269;0.002978
0.002316;0.002109;0.001919;0.002316;0.002109;0.001919
0.005144;0.004681;0.004259;0.005144;0.004681;0.004259
0.005555;0.005052;0.004594;0.005555;0.005052;0.004594
0.004768;0.004334;0.003939;0.004768;0.004334;0.003939
0.003705;0.003366;0.003058;0.003705;0.003366;0.003058
0.003976;0.003610;0.003278;0.003976;0.003610;0.003278
0.001965;0.001783;0.001618;0.001965;0.001783;0.001618
0.001838;0.001667;0.001512;0.001838;0.001667;0.001512
0.003390;0.003073;0.002785;0.003390;0.003073;0.002785
0.003788;0.003431;0.003109;0.003788;0.003431;0.003109
0.001989;0.001801;0.001631;0.001989;0.001801;0.001631
0.000844;0.000763;0.000691;0.000844;0.000763;0.000691
0.002576;0.002330;0.002107;0.002576;0.002330;0.002107
0.003014;0.002724;0.002463;0.003014;0.002724;0.002463
0.007460;0.006739;0.006087;0.007460;0.006739;0.006087
0.012971;0.011712;0.010575;0.012971;0.011712;0.010575
0.011644;0.010509;0.009485;0.011644;0.010509;0.009485
0.007255;0.006544;0.005903;0.007255;0.006544;0.005903
0.006618;0.005966;0.005378;0.006618;0.005966;0.005378
0.006194;0.005581;0.005029;0.006194;0.005581;0.005029
0.004017;0.003618;0.003258;0.004017;0.003618;0.003258
0.005132;0.004618;0.004156;0.005132;0.004618;0.004156
0.010027;0.009019;0.008112;0.010027;0.009019;0.008112
0.017954;0.016141;0.014512;0.017954;0.016141;0.014512
0.018224;0.016376;0.014715;0.018224;0.016376;0.014715
0.011299;0.010149;0.009115;0.011299;0.010149;0.009115
0.002161;0.001940;0.001741;0.002161;0.001940;0.001741
0.007224;0.006480;0.005814;0.007224;0.006480;0.005814
0.008128;0.007288;0.006535;0.008128;0.007288;0.006535
0.004932;0.004420;0.003961;0.004932;0.004420;0.003961
0.001582;0.001417;0.001269;0.001582;0.001417;0.001269
0.001738;0.001556;0.001393;0.001738;0.001556;0.001393
0.004282;0.003831;0.003428;0.004282;0.003831;0.003428
0.002859;0.002556;0.002286;0.002859;0.002556;0.002286
0.003457;0.003090;0.002761;0.003457;0.003090;0.002761
0.008369;0.007475;0.006676;0.008369;0.007475;0.006676
0.006442;0.005751;0.005135;0.006442;0.005751;0.005135
0.004346;0.003878;0.003460;0.004346;0.003878;0.003460
0.004124;0.003678;0.003280;0.004124;0.003678;0.003280
0.004609;0.004108;0.003662;0.004609;0.004108;0.003662
0.004768;0.004247;0.003784;0.004768;0.004247;0.003784
0.005725;0.005097;0.004538;0.005725;0.005097;0.004538
0.006982;0.006213;0.005529;0.006982;0.006213;0.005529
0.007126;0.006338;0.005637;0.007126;0.006338;0.005637
0.006558;0.005829;0.005182;0.006558;0.005829;0.005182
0.006002;0.005333;0.004738;0.006002;0.005333;0.004738
0.006990;0.006206;0.005510;0.006990;0.006206;0.005510
0.010058;0.008926;0.007922;0.010058;0.008926;0.007922
0.011055;0.009807;0.008699;0.011055;0.009807;0.008699
0.008848;0.007845;0.006955;0.008848;0.007845;0.006955
0.005307;0.004703;0.004167;0.005307;0.004703;0.004167
0.004858;0.004302;0.003809;0.004858;0.004302;0.003809
0.012816;0.011344;0.010041;0.012816;0.011344;0.010041
0.010044;0.008886;0.007861;0.010044;0.008886;0.007861
0.005087;0.004498;0.003977;0.005087;0.004498;0.003977
0.004467;0.003948;0.003489;0.004467;0.003948;0.003489
0.003800;0.003357;0.002965;0.003800;0.003357;0.002965
0.001944;0.001716;0.001515;0.001944;0.001716;0.001515
0.005628;0.004966;0.004381;0.005628;0.004966;0.004381
0.009662;0.008520;0.007513;0.009662;0.008520;0.007513
0.013179;0.011615;0.010237;0.013179;0.011615;0.010237
0.014431;0.012712;0.011198;0.014431;0.012712;0.011198
0.013877;0.012217;0.010756;0.013877;0.012217;0.010756
0.011639;0.010242;0.009013;0.011639;0.010242;0.009013
0.008370;0.007362;0.006475;0.008370;0.007362;0.006475
0.008559;0.007523;0.006613;0.008559;0.007523;0.006613
0.010702;0.009402;0.008260;0.010702;0.009402;0.008260
0.009564;0.008398;0.007375;0.009564;0.008398;0.007375
0.006652;0.005838;0.005124;0.006652;0.005838;0.005124
0.005024;0.004407;0.003866;0.005024;0.004407;0.003866
0.007603;0.006664;0.005842;0.007603;0.006664;0.005842
0.010978;0.009620;0.008430;0.010978;0.009620;0.008430
0.007658;0.006707;0.005874;0.007658;0.006707;0.005874
0.007187;0.006290;0.005506;0.007187;0.006290;0.005506
0.011691;0.010227;0.008947;0.011691;0.010227;0.008947
0.010058;0.008795;0.007691;0.010058;0.008795;0.007691
0.004865;0.004251;0.003715;0.004865;0.004251;0.003715
0.010686;0.009334;0.008153;0.010686;0.009334;0.008153
0.009393;0.008200;0.007159;0.009393;0.008200;0.007159
0.009210;0.008036;0.007012;0.009210;0.008036;0.007012
0.005853;0.005105;0.004452;0.005853;0.005105;0.004452
0.005747;0.005009;0.004366;0.005747;0.005009;0.004366
0.008180;0.007126;0.006208;0.008180;0.007126;0.006208
0.010419;0.009072;0.007899;0.010419;0.009072;0.007899
0.002751;0.002395;0.002084;0.002751;0.002395;0.002084
0.002472;0.002150;0.001870;0.002472;0.002150;0.001870
0.001991;0.001731;0.001505;0.001991;0.001731;0.001505
0.003735;0.003245;0.002819;0.003735;0.003245;0.002819
0.004430;0.003847;0.003341;0.004430;0.003847;0.003341
0.006276;0.005447;0.004727;0.006276;0.005447;0.004727
0.007295;0.006329;0.005490;0.007295;0.006329;0.005490
0.004536;0.003934;0.003411;0.004536;0.003934;0.003411
0.003465;0.003002;0.002601;0.003465;0.003002;0.002601
0.004130;0.003577;0.003098;0.004130;0.003577;0.003098
0.006844;0.005924;0.005128;0.006844;0.005924;0.005128
0.008590;0.007433;0.006432;0.008590;0.007433;0.006432
0.004828;0.004176;0.003612;0.004828;0.004176;0.003612
0.002644;0.002285;0.001975;0.002644;0.002285;0.001975
0.004216;0.003642;0.003146;0.004216;0.003642;0.003146
0.005531;0.004776;0.004124;0.005531;0.004776;0.004124
0.005137;0.004433;0.003826;0.005137;0.004433;0.003826
0.004725;0.004075;0.003515;0.004725;0.004075;0.003515
0.005401;0.004656;0.004013;0.005401;0.004656;0.004013
0.010624;0.009154;0.007887;0.010624;0.009154;0.007887
0.014422;0.012420;0.010696;0.014422;0.012420;0.010696
0.009164;0.007888;0.006789;0.009164;0.007888;0.006789
0.006022;0.005181;0.004457;0.006022;0.005181;0.004457
0.013446;0.011561;0.009941;0.013446;0.011561;0.009941
0.011299;0.009710;0.008345;0.011299;0.009710;0.008345
0.006606;0.005675;0.004875;0.006606;0.005675;0.004875
0.004626;0.003972;0.003410;0.004626;0.003972;0.003410
0.004855;0.004166;0.003575;0.004855;0.004166;0.003575
0.008044;0.006898;0.005916;0.008044;0.006898;0.005916
0.006355;0.005448;0.004670;0.006355;0.005448;0.004670
0.003019;0.002587;0.002217;0.003019;0.002587;0.002217
0.003380;0.002894;0.002478;0.003380;0.002894;0.002478
0.005614;0.004804;0.004112;0.005614;0.004804;0.004112
0.005154;0.004409;0.003772;0.005154;0.004409;0.003772
0.003375;0.002885;0.002467;0.003375;0.002885;0.002467
0.002787;0.002381;0.002035;0.002787;0.002381;0.002035
0.003197;0.002730;0.002332;0.003197;0.002730;0.002332
0.002910;0.002484;0.002121;0.002910;0.002484;0.002121
0.006160;0.005254;0.004482;0.006160;0.005254;0.004482
0.012274;0.010468;0.008927;0.012274;0.010468;0.008927
0.008506;0.007250;0.006180;0.008506;0.007250;0.006180
0.007354;0.006264;0.005337;0.007354;0.006264;0.005337
0.008829;0.007518;0.006401;0.008829;0.007518;0.006401
0.009741;0.008290;0.007054;0.009741;0.008290;0.007054
0.010434;0.008875;0.007549;0.010434;0.008875;0.007549
0.006673;0.005673;0.004823;0.006673;0.005673;0.004823
0.005265;0.004473;0.003801;0.005265;0.004473;0.003801
0.003819;0.003243;0.002754;0.003819;0.003243;0.002754
0.002417;0.002052;0.001742;0.002417;0.002052;0.001742
0.002963;0.002514;0.002133;0.002963;0.002514;0.002133
0.003346;0.002838;0.002406;0.003346;0.002838;0.002406
0.002645;0.002242;0.001900;0.002645;0.002242;0.001900
0.001969;0.001668;0.001413;0.001969;0.001668;0.001413
0.002162;0.001830;0.001550;0.002162;0.001830;0.001550
0.002781;0.002353;0.001991;0.002781;0.002353;0.001991
0.004458;0.003771;0.003189;0.004458;0.003771;0.003189
0.007299;0.006170;0.005216;0.007299;0.006170;0.005216
0.008675;0.007330;0.006193;0.008675;0.007330;0.006193
0.007348;0.006206;0.005241;0.007348;0.006206;0.005241
0.004831;0.004078;0.003442;0.004831;0.004078;0.003442
0.004454;0.003757;0.003170;0.004454;0.003757;0.003170
0.007095;0.005982;0.005044;0.007095;0.005982;0.005044
0.009527;0.008029;0.006767;0.009527;0.008029;0.006767
0.007340;0.006184;0.005210;0.007340;0.006184;0.005210
0.004104;0.003455;0.002909;0.004104;0.003455;0.002909
0.008098;0.006814;0.005734;0.008098;0.006814;0.005734
0.012519;0.010529;0.008856;0.012519;0.010529;0.008856
0.010504;0.008831;0.007424;0.010504;0.008831;0.007424
0.004223;0.003549;0.002982;0.004223;0.003549;0.002982
0.004547;0.003819;0.003207;0.004547;0.003819;0.003207
0.004154;0.003487;0.002926;0.004154;0.003487;0.002926
0.004512;0.003785;0.003176;0.004512;0.003785;0.003176
0.002909;0.002440;0.002046;0.002909;0.002440;0.002046
0.008046;0.006743;0.005651;0.008046;0.006743;0.005651
0.009965;0.008347;0.006992;0.009965;0.008347;0.006992
0.005104;0.004273;0.003578;0.005104;0.004273;0.003578
0.006484;0.005426;0.004540;0.006484;0.005426;0.004540
0.007415;0.006202;0.005187;0.007415;0.006202;0.005187
0.005433;0.004542;0.003797;0.005433;0.004542;0.003797
0.003759;0.003141;0.002625;0.003759;0.003141;0.002625
0.002335;0.001950;0.001629;0.002335;0.001950;0.001629
0.002586;0.002159;0.001802;0.002586;0.002159;0.001802
0.002329;0.001943;0.001621;0.002329;0.001943;0.001621
0.006869;0.005727;0.004775;0.006869;0.005727;0.004775
0.008371;0.006977;0.005815;0.008371;0.006977;0.005815
0.005190;0.004324;0.003603;0.005190;0.004324;0.003603
0.003411;0.002840;0.002365;0.003411;0.002840;0.002365
0.002975;0.002476;0.002061;0.002975;0.002476;0.002061
0.005128;0.004265;0.003547;0.005128;0.004265;0.003547
0.008784;0.007303;0.006071;0.008784;0.007303;0.006071
0.007559;0.006281;0.005220;0.007559;0.006281;0.005220
0.004571;0.003797;0.003153;0.004571;0.003797;0.003153
0.003355;0.002785;0.002312;0.003355;0.002785;0.002312
0.005727;0.004752;0.003943;0.005727;0.004752;0.003943
0.006015;0.004988;0.004136;0.006015;0.004988;0.004136
0.008560;0.007095;0.005881;0.008560;0.007095;0.005881
0.008256;0.006840;0.005667;0.008256;0.006840;0.005667
0.005304;0.004392;0.003637;0.005304;0.004392;0.003637
0.007740;0.006406;0.005302;0.007740;0.006406;0.005302
0.009151;0.007570;0.006262;0.009151;0.007570;0.006262
0.006383;0.005277;0.004363;0.006383;0.005277;0.004363
0.008007;0.006617;0.005468;0.008007;0.006617;0.005468
0.009399;0.007764;0.006413;0.009399;0.007764;0.006413
0.004930;0.004071;0.003361;0.004930;0.004071;0.003361
0.000975;0.000805;0.000665;0.000975;0.000805;0.000665
0.001961;0.001617;0.001334;0.001961;0.001617;0.001334
0.002084;0.001718;0.001416;0.002084;0.001718;0.001416
0.004603;0.003792;0.003124;0.004603;0.003792;0.003124
0.003702;0.003049;0.002511;0.003702;0.003049;0.002511
0.003157;0.002598;0.002138;0.003157;0.002598;0.002138
0.004039;0.003323;0.002734;0.004039;0.003323;0.002734
0.006983;0.005742;0.004721;0.006983;0.005742;0.004721
0.007617;0.006261;0.005146;0.007617;0.006261;0.005146
0.004393;0.003609;0.002965;0.004393;0.003609;0.002965
0.003902;0.003204;0.002630;0.003902;0.003204;0.002630
0.005866;0.004814;0.003950;0.005866;0.004814;0.003950
0.007593;0.006228;0.005109;0.007593;0.006228;0.005109
0.004881;0.004002;0.003281;0.004881;0.004002;0.003281
0.002252;0.001845;0.001512;0.002252;0.001845;0.001512
0.001313;0.001075;0.000880;0.001313;0.001075;0.000880
0.004180;0.003422;0.002802;0.004180;0.003422;0.002802
0.002582;0.002112;0.001728;0.002582;0.002112;0.001728
0.003417;0.002795;0.002286;0.003417;0.002795;0.002286
0.000779;0.000637;0.000521;0.000779;0.000637;0.000521
0.002283;0.001865;0.001524;0.002283;0.001865;0.001524
0.003477;0.002839;0.002318;0.003477;0.002839;0.002318
0.001339;0.001093;0.000892;0.001339;0.001093;0.000892
0.003957;0.003228;0.002633;0.003957;0.003228;0.002633
0.005254;0.004284;0.003493;0.005254;0.004284;0.003493
0.004377;0.003567;0.002908;0.004377;0.003567;0.002908
0.002052;0.001671;0.001362;0.002052;0.001671;0.001362
0.004344;0.003536;0.002879;0.004344;0.003536;0.002879
0.005839;0.004752;0.003867;0.005839;0.004752;0.003867
0.005663;0.004607;0.003747;0.005663;0.004607;0.003747
0.002597;0.002112;0.001717;0.002597;0.002112;0.001717
0.002093;0.001701;0.001382;0.002093;0.001701;0.001382
0.002955;0.002400;0.001949;0.002955;0.002400;0.001949
0.003532;0.002867;0.002327;0.003532;0.002867;0.002327
0.003558;0.002887;0.002343;0.003558;0.002887;0.002343
0.002413;0.001957;0.001587;0.002413;0.001957;0.001587
0.002375;0.001925;0.001561;0.002375;0.001925;0.001561
0.003581;0.002901;0.002350;0.003581;0.002901;0.002350
0.007005;0.005673;0.004594;0.007005;0.005673;0.004594
0.008170;0.006613;0.005353;0.008170;0.006613;0.005353
0.009292;0.007518;0.006082;0.009292;0.007518;0.006082
0.006485;0.005244;0.004241;0.006485;0.005244;0.004241
0.004269;0.003450;0.002789;0.004269;0.003450;0.002789
0.003338;0.002697;0.002178;0.003338;0.002697;0.002178
0.004094;0.003306;0.002669;0.004094;0.003306;0.002669
0.001530;0.001235;0.000997;0.001530;0.001235;0.000997
0.002681;0.002163;0.001745;0.002681;0.002163;0.001745
0.003498;0.002820;0.002274;0.003498;0.002820;0.002274
0.003373;0.002718;0.002191;0.003373;0.002718;0.002191
0.006486;0.005224;0.004208;0.006486;0.005224;0.004208
0.005239;0.004218;0.003396;0.005239;0.004218;0.003396
0.006686;0.005381;0.004330;0.006686;0.005381;0.004330
0.005612;0.004514;0.003631;0.005612;0.004514;0.003631
0.002277;0.001831;0.001472;0.002277;0.001831;0.001472
0.005161;0.004146;0.003331;0.005161;0.004146;0.003331
0.008722;0.007005;0.005626;0.008722;0.007005;0.005626
0.006242;0.005012;0.004024;0.006242;0.005012;0.004024
0.004657;0.003736;0.002998;0.004657;0.003736;0.002998
0.005423;0.004349;0.003488;0.005423;0.004349;0.003488
0.004820;0.003864;0.003098;0.004820;0.003864;0.003098
0.004888;0.003916;0.003138;0.004888;0.003916;0.003138
0.004816;0.003857;0.003089;0.004816;0.003857;0.003089
0.003807;0.003047;0.002439;0.003807;0.003047;0.002439
0.005813;0.004651;0.003721;0.005813;0.004651;0.003721
0.005585;0.004467;0.003572;0.005585;0.004467;0.003572
0.002791;0.002231;0.001783;0.002791;0.002231;0.001783
0.003430;0.002740;0.002189;0.003430;0.002740;0.002189
0.006899;0.005509;0.004399;0.006899;0.005509;0.004399
0.006140;0.004900;0.003911;0.006140;0.004900;0.003911
0.004441;0.003543;0.002826;0.004441;0.003543;0.002826
0.002947;0.002350;0.001874;0.002947;0.002350;0.001874
0.000926;0.000738;0.000588;0.000926;0.000738;0.000588
0.002259;0.001799;0.001433;0.002259;0.001799;0.001433
0.001995;0.001588;0.001265;0.001995;0.001588;0.001265
0.003003;0.002390;0.001902;0.003003;0.002390;0.001902
0.001671;0.001329;0.001058;0.001671;0.001329;0.001058
0.002652;0.002109;0.001676;0.002652;0.002109;0.001676
0.003243;0.002577;0.002048;0.003243;0.002577;0.002048
0.003366;0.002674;0.002124;0.003366;0.002674;0.002124
0.005586;0.004434;0.003520;0.005586;0.004434;0.003520
0.007355;0.005836;0.004631;0.007355;0.005836;0.004631
0.007491;0.005942;0.004713;0.007491;0.005942;0.004713
0.003909;0.003099;0.002458;0.003909;0.003099;0.002458
0.003035;0.002404;0.001905;0.003035;0.002404;0.001905
0.004120;0.003264;0.002585;0.004120;0.003264;0.002585
0.003251;0.002573;0.002037;0.003251;0.002573;0.002037
0.002427;0.001920;0.001520;0.002427;0.001920;0.001520
0.001903;0.001505;0.001190;0.001903;0.001505;0.001190
0.002204;0.001743;0.001378;0.002204;0.001743;0.001378
0.000924;0.000730;0.000577;0.000924;0.000730;0.000577
0.002438;0.001925;0.001521;0.002438;0.001925;0.001521
0.002579;0.002035;0.001607;0.002579;0.002035;0.001607
0.003154;0.002488;0.001963;0.003154;0.002488;0.001963
0.003194;0.002519;0.001986;0.003194;0.002519;0.001986
0.006553;0.005166;0.004072;0.006553;0.005166;0.004072
0.008380;0.006602;0.005202;0.008380;0.006602;0.005202
0.003766;0.002966;0.002335;0.003766;0.002966;0.002335
0.007014;0.005521;0.004345;0.007014;0.005521;0.004345
0.008727;0.006866;0.005402;0.008727;0.006866;0.005402
0.004246;0.003339;0.002626;0.004246;0.003339;0.002626
0.003433;0.002699;0.002121;0.003433;0.002699;0.002121
0.004536;0.003563;0.002799;0.004536;0.003563;0.002799
0.005153;0.004046;0.003177;0.005153;0.004046;0.003177
0.003845;0.003018;0.002369;0.003845;0.003018;0.002369
0.004804;0.003769;0.002957;0.004804;0.003769;0.002957
0.003221;0.002526;0.001981;0.003221;0.002526;0.001981
0.004045;0.003170;0.002484;0.004045;0.003170;0.002484
0.003072;0.002407;0.001886;0.003072;0.002407;0.001886
0.002498;0.001956;0.001531;0.002498;0.001956;0.001531
0.003153;0.002468;0.001931;0.003153;0.002468;0.001931
0.002828;0.002212;0.001730;0.002828;0.002212;0.001730
0.003795;0.002967;0.002320;0.003795;0.002967;0.002320
0.004887;0.003820;0.002985;0.004887;0.003820;0.002985
0.004029;0.003148;0.002459;0.004029;0.003148;0.002459
0.003758;0.002934;0.002291;0.003758;0.002934;0.002291
0.006468;0.005048;0.003939;0.006468;0.005048;0.003939
0.007247;0.005654;0.004411;0.007247;0.005654;0.004411
0.005106;0.003981;0.003104;0.005106;0.003981;0.003104
0.007409;0.005774;0.004500;0.007409;0.005774;0.004500
0.010191;0.007939;0.006185;0.010191;0.007939;0.006185
0.007172;0.005584;0.004348;0.007172;0.005584;0.004348
0.003997;0.003111;0.002421;0.003997;0.003111;0.002421
0.005573;0.004335;0.003373;0.005573;0.004335;0.003373
0.003456;0.002687;0.002089;0.003456;0.002687;0.002089
0.002887;0.002244;0.001744;0.002887;0.002244;0.001744
0.002542;0.001974;0.001534;0.002542;0.001974;0.001534
0.007810;0.006064;0.004708;0.007810;0.006064;0.004708
0.011831;0.009181;0.007125;0.011831;0.009181;0.007125
0.014838;0.011509;0.008928;0.014838;0.011509;0.008928
0.012264;0.009509;0.007373;0.012264;0.009509;0.007373
0.005935;0.004600;0.003565;0.005935;0.004600;0.003565
0.005810;0.004500;0.003486;0.005810;0.004500;0.003486
0.007184;0.005562;0.004306;0.007184;0.005562;0.004306
0.005833;0.004515;0.003494;0.005833;0.004515;0.003494
0.002987;0.002311;0.001788;0.002987;0.002311;0.001788
0.002795;0.002161;0.001670;0.002795;0.002161;0.001670
0.005112;0.003950;0.003053;0.005112;0.003950;0.003053
0.005383;0.004159;0.003212;0.005383;0.004159;0.003212
0.004703;0.003631;0.002803;0.004703;0.003631;0.002803
0.006362;0.004909;0.003788;0.006362;0.004909;0.003788
0.008634;0.006661;0.005138;0.008634;0.006661;0.005138
0.005962;0.004597;0.003545;0.005962;0.004597;0.003545
0.003308;0.002549;0.001964;0.003308;0.002549;0.001964
0.003427;0.002640;0.002033;0.003427;0.002640;0.002033
0.004401;0.003388;0.002609;0.004401;0.003388;0.002609
0.007072;0.005442;0.004188;0.007072;0.005442;0.004188
0.005806;0.004466;0.003435;0.005806;0.004466;0.003435
0.004219;0.003243;0.002494;0.004219;0.003243;0.002494
0.002668;0.002051;0.001576;0.002668;0.002051;0.001576
0.002139;0.001643;0.001262;0.002139;0.001643;0.001262
0.006998;0.005373;0.004125;0.006998;0.005373;0.004125
0.007580;0.005817;0.004464;0.007580;0.005817;0.004464
0.007951;0.006099;0.004679;0.007951;0.006099;0.004679
0.008648;0.006631;0.005084;0.008648;0.006631;0.005084
0.004655;0.003568;0.002735;0.004655;0.003568;0.002735
0.002847;0.002181;0.001670;0.002847;0.002181;0.001670
0.003506;0.002684;0.002055;0.003506;0.002684;0.002055
0.005635;0.004312;0.003300;0.005635;0.004312;0.003300
0.008064;0.006168;0.004718;0.008064;0.006168;0.004718
0.008558;0.006544;0.005003;0.008558;0.006544;0.005003
0.008715;0.006660;0.005090;0.008715;0.006660;0.005090
0.009744;0.007443;0.005686;0.009744;0.007443;0.005686
0.008812;0.006728;0.005138;0.008812;0.006728;0.005138
0.005752;0.004390;0.003351;0.005752;0.004390;0.003351
0.004755;0.003627;0.002767;0.004755;0.003627;0.002767
0.006694;0.005104;0.003892;0.006694;0.005104;0.003892
0.007270;0.005541;0.004223;0.007270;0.005541;0.004223
0.005548;0.004227;0.003220;0.005548;0.004227;0.003220
0.002718;0.002070;0.001576;0.002718;0.002070;0.001576
0.001642;0.001250;0.000951;0.001642;0.001250;0.000951
0.000875;0.000666;0.000507;0.000875;0.000666;0.000507
0.001332;0.001013;0.000770;0.001332;0.001013;0.000770
0.001309;0.000995;0.000756;0.001309;0.000995;0.000756
0.001012;0.000769;0.000584;0.001012;0.000769;0.000584
0.004777;0.003627;0.002754;0.004777;0.003627;0.002754
0.007230;0.005487;0.004165;0.007230;0.005487;0.004165
0.007877;0.005976;0.004534;0.007877;0.005976;0.004534
0.007617;0.005776;0.004380;0.007617;0.005776;0.004380
0.003993;0.003027;0.002294;0.003993;0.003027;0.002294
0.003314;0.002511;0.001902;0.003314;0.002511;0.001902
0.006287;0.004760;0.003605;0.006287;0.004760;0.003605
0.007370;0.005579;0.004223;0.007370;0.005579;0.004223
0.004998;0.003781;0.002861;0.004998;0.003781;0.002861
0.003781;0.002859;0.002162;0.003781;0.002859;0.002162
0.005936;0.004486;0.003391;0.005936;0.004486;0.003391
0.008238;0.006224;0.004702;0.008238;0.006224;0.004702
0.006625;0.005004;0.003779;0.006625;0.005004;0.003779
0.003806;0.002873;0.002169;0.003806;0.002873;0.002169
0.005836;0.004403;0.003322;0.005836;0.004403;0.003322
0.011031;0.008319;0.006274;0.011031;0.008319;0.006274
0.012623;0.009516;0.007174;0.012623;0.009516;0.007174
0.007993;0.006023;0.004539;0.007993;0.006023;0.004539
0.001777;0.001338;0.001008;0.001777;0.001338;0.001008
0.002937;0.002211;0.001664;0.002937;0.002211;0.001664
0.002137;0.001608;0.001209;0.002137;0.001608;0.001209
0.006669;0.005015;0.003772;0.006669;0.005015;0.003772
0.009331;0.007015;0.005274;0.009331;0.007015;0.005274
0.006373;0.004789;0.003599;0.006373;0.004789;0.003599
0.003467;0.002604;0.001956;0.003467;0.002604;0.001956
0.004747;0.003564;0.002676;0.004747;0.003564;0.002676
0.004674;0.003507;0.002632;0.004674;0.003507;0.002632
0.003703;0.002778;0.002084;0.003703;0.002778;0.002084
0.005628;0.004219;0.003163;0.005628;0.004219;0.003163
0.005055;0.003788;0.002839;0.005055;0.003788;0.002839
0.002906;0.002177;0.001631;0.002906;0.002177;0.001631
0.002523;0.001889;0.001414;0.002523;0.001889;0.001414
0.003466;0.002594;0.001941;0.003466;0.002594;0.001941
0.003197;0.002391;0.001789;0.003197;0.002391;0.001789
0.002949;0.002205;0.001649;0.002949;0.002205;0.001649
0.002859;0.002136;0.001597;0.002859;0.002136;0.001597
0.002583;0.001929;0.001441;0.002583;0.001929;0.001441
0.003373;0.002518;0.001880;0.003373;0.002518;0.001880
0.005412;0.004039;0.003014;0.005412;0.004039;0.003014
0.005580;0.004163;0.003106;0.005580;0.004163;0.003106
0.003408;0.002541;0.001895;0.003408;0.002541;0.001895
0.003149;0.002347;0.001749;0.003149;0.002347;0.001749
0.004407;0.003283;0.002446;0.004407;0.003283;0.002446
0.004952;0.003687;0.002746;0.004952;0.003687;0.002746
0.006159;0.004585;0.003412;0.006159;0.004585;0.003412
0.007354;0.005471;0.004071;0.007354;0.005471;0.004071
0.007163;0.005327;0.003962;0.007163;0.005327;0.003962
0.005143;0.003823;0.002842;0.005143;0.003823;0.002842
0.003803;0.002825;0.002099;0.003803;0.002825;0.002099
0.001257;0.000933;0.000693;0.001257;0.000933;0.000693
0.006246;0.004637;0.003442;0.006246;0.004637;0.003442
0.006031;0.004475;0.003321;0.006031;0.004475;0.003321
0.003021;0.002241;0.001662;0.003021;0.002241;0.001662
0.002374;0.001760;0.001305;0.002374;0.001760;0.001305
0.003726;0.002761;0.002046;0.003726;0.002761;0.002046
0.003103;0.002299;0.001703;0.003103;0.002299;0.001703
0.003462;0.002563;0.001898;0.003462;0.002563;0.001898
0.004738;0.003506;0.002594;0.004738;0.003506;0.002594
0.007263;0.005372;0.003973;0.007263;0.005372;0.003973
0.006258;0.004627;0.003421;0.006258;0.004627;0.003421
0.004691;0.003467;0.002562;0.004691;0.003467;0.002562
0.005982;0.004419;0.003264;0.005982;0.004419;0.003264
0.004576;0.003379;0.002495;0.004576;0.003379;0.002495
0.004308;0.003179;0.002346;0.004308;0.003179;0.002346
0.006071;0.004479;0.003304;0.006071;0.004479;0.003304
0.003790;0.002795;0.002061;0.003790;0.002795;0.002061
0.002973;0.002191;0.001615;0.002973;0.002191;0.001615
0.004446;0.003275;0.002413;0.004446;0.003275;0.002413
0.005094;0.003751;0.002762;0.005094;0.003751;0.002762
0.005372;0.003954;0.002910;0.005372;0.003954;0.002910
0.007532;0.005541;0.004077;0.007532;0.005541;0.004077
0.008868;0.006522;0.004796;0.008868;0.006522;0.004796
0.005823;0.004280;0.003147;0.005823;0.004280;0.003147
0.002910;0.002138;0.001571;0.002910;0.002138;0.001571
0.007043;0.005173;0.003799;0.007043;0.005173;0.003799
0.007220;0.005300;0.003891;0.007220;0.005300;0.003891
0.007874;0.005778;0.004240;0.007874;0.005778;0.004240
0.007470;0.005479;0.004018;0.007470;0.005479;0.004018
0.006456;0.004733;0.003470;0.006456;0.004733;0.003470
0.006630;0.004858;0.003560;0.006630;0.004858;0.003560
0.005265;0.003857;0.002825;0.005265;0.003857;0.002825
0.004777;0.003498;0.002561;0.004777;0.003498;0.002561
0.002920;0.002137;0.001564;0.002920;0.002137;0.001564
0.003600;0.002634;0.001926;0.003600;0.002634;0.001926
0.005253;0.003841;0.002808;0.005253;0.003841;0.002808
0.006424;0.004695;0.003431;0.006424;0.004695;0.003431
0.004084;0.002984;0.002180;0.004084;0.002984;0.002180
0.004008;0.002926;0.002137;0.004008;0.002926;0.002137
0.006012;0.004388;0.003203;0.006012;0.004388;0.003203
0.005981;0.004364;0.003184;0.005981;0.004364;0.003184
0.005232;0.003816;0.002783;0.005232;0.003816;0.002783
0.004305;0.003138;0.002288;0.004305;0.003138;0.002288
0.004538;0.003306;0.002409;0.004538;0.003306;0.002409
0.005423;0.003949;0.002876;0.005423;0.003949;0.002876
0.005889;0.004287;0.003121;0.005889;0.004287;0.003121
0.004756;0.003461;0.002518;0.004756;0.003461;0.002518
0.006193;0.004505;0.003277;0.006193;0.004505;0.003277
0.004745;0.003450;0.002508;0.004745;0.003450;0.002508
0.004852;0.003526;0.002562;0.004852;0.003526;0.002562
0.008107;0.005889;0.004278;0.008107;0.005889;0.004278
0.009572;0.006950;0.005046;0.009572;0.006950;0.005046
0.011173;0.008108;0.005885;0.011173;0.008108;0.005885
0.004369;0.003170;0.002299;0.004369;0.003170;0.002299
0.004166;0.003021;0.002190;0.004166;0.003021;0.002190
0.002573;0.001865;0.001352;0.002573;0.001865;0.001352
0.002502;0.001813;0.001313;0.002502;0.001813;0.001313
0.004059;0.002939;0.002128;0.004059;0.002939;0.002128
0.003287;0.002379;0.001722;0.003287;0.002379;0.001722
0.001753;0.001268;0.000918;0.001753;0.001268;0.000918
0.001335;0.000965;0.000698;0.001335;0.000965;0.000698
0.003533;0.002554;0.001846;0.003533;0.002554;0.001846
0.002985;0.002157;0.001559;0.002985;0.002157;0.001559
0.003621;0.002615;0.001889;0.003621;0.002615;0.001889
0.005301;0.003827;0.002763;0.005301;0.003827;0.002763
0.005489;0.003961;0.002858;0.005489;0.003961;0.002858
0.006324;0.004561;0.003290;0.006324;0.004561;0.003290
0.005868;0.004231;0.003051;0.005868;0.004231;0.003051
0.003986;0.002873;0.002070;0.003986;0.002873;0.002070
0.005692;0.004100;0.002953;0.005692;0.004100;0.002953
0.008065;0.005807;0.004182;0.008065;0.005807;0.004182
0.003872;0.002787;0.002006;0.003872;0.002787;0.002006
0.002222;0.001598;0.001150;0.002222;0.001598;0.001150
0.004916;0.003535;0.002542;0.004916;0.003535;0.002542
0.003139;0.002256;0.001622;0.003139;0.002256;0.001622
0.001716;0.001233;0.000886;0.001716;0.001233;0.000886
0.002620;0.001881;0.001351;0.002620;0.001881;0.001351
0.004120;0.002958;0.002123;0.004120;0.002958;0.002123
0.010176;0.007302;0.005240;0.010176;0.007302;0.005240
0.009125;0.006545;0.004694;0.009125;0.006545;0.004694
0.005569;0.003993;0.002863;0.005569;0.003993;0.002863
0.004722;0.003384;0.002425;0.004722;0.003384;0.002425
0.004491;0.003217;0.002304;0.004491;0.003217;0.002304
0.004939;0.003536;0.002532;0.004939;0.003536;0.002532
0.006188;0.004429;0.003170;0.006188;0.004429;0.003170
0.007377;0.005277;0.003775;0.007377;0.005277;0.003775
0.008056;0.005761;0.004119;0.008056;0.005761;0.004119
0.012301;0.008792;0.006284;0.012301;0.008792;0.006284
0.016642;0.011890;0.008495;0.016642;0.011890;0.008495
0.016258;0.011611;0.008293;0.016258;0.011611;0.008293
0.012090;0.008631;0.006162;0.012090;0.008631;0.006162
0.005854;0.004178;0.002981;0.005854;0.004178;0.002981
0.004626;0.003299;0.002353;0.004626;0.003299;0.002353
0.009907;0.007063;0.005035;0.009907;0.007063;0.005035
0.011212;0.007990;0.005694;0.011212;0.007990;0.005694
0.010968;0.007813;0.005566;0.010968;0.007813;0.005566
0.007678;0.005468;0.003893;0.007678;0.005468;0.003893
0.002624;0.001867;0.001329;0.002624;0.001867;0.001329
0.003510;0.002497;0.001776;0.003510;0.002497;0.001776
0.005705;0.004057;0.002885;0.005705;0.004057;0.002885
0.001691;0.001202;0.000854;0.001691;0.001202;0.000854
0.008364;0.005943;0.004222;0.008364;0.005943;0.004222
0.010051;0.007138;0.005069;0.010051;0.007138;0.005069
0.004006;0.002844;0.002019;0.004006;0.002844;0.002019
0.003334;0.002366;0.001679;0.003334;0.002366;0.001679
0.005281;0.003746;0.002657;0.005281;0.003746;0.002657
0.005608;0.003976;0.002819;0.005608;0.003976;0.002819
0.005222;0.003701;0.002623;0.005222;0.003701;0.002623
0.005634;0.003991;0.002827;0.005634;0.003991;0.002827
0.003461;0.002451;0.001735;0.003461;0.002451;0.001735
0.004710;0.003334;0.002359;0.004710;0.003334;0.002359
0.004917;0.003479;0.002461;0.004917;0.003479;0.002461
0.003063;0.002166;0.001532;0.003063;0.002166;0.001532
0.003168;0.002240;0.001583;0.003168;0.002240;0.001583
0.006315;0.004462;0.003152;0.006315;0.004462;0.003152
0.008219;0.005805;0.004100;0.008219;0.005805;0.004100
0.006431;0.004540;0.003205;0.006431;0.004540;0.003205
0.004602;0.003248;0.002292;0.004602;0.003248;0.002292
0.005609;0.003956;0.002790;0.005609;0.003956;0.002790
0.007961;0.005613;0.003957;0.007961;0.005613;0.003957
0.009633;0.006789;0.004784;0.009633;0.006789;0.004784
0.008665;0.006104;0.004300;0.008665;0.006104;0.004300
0.006453;0.004544;0.003200;0.006453;0.004544;0.003200
0.004924;0.003466;0.002440;0.004924;0.003466;0.002440
0.002828;0.001990;0.001400;0.002828;0.001990;0.001400
0.004763;0.003349;0.002355;0.004763;0.003349;0.002355
0.007159;0.005032;0.003538;0.007159;0.005032;0.003538
0.003067;0.002155;0.001514;0.003067;0.002155;0.001514
0.006624;0.004653;0.003268;0.006624;0.004653;0.003268
0.003885;0.002727;0.001915;0.003885;0.002727;0.001915
0.003651;0.002562;0.001798;0.003651;0.002562;0.001798
0.006974;0.004892;0.003431;0.006974;0.004892;0.003431
0.006533;0.004581;0.003212;0.006533;0.004581;0.003212
0.006995;0.004903;0.003436;0.006995;0.004903;0.003436
0.006312;0.004422;0.003098;0.006312;0.004422;0.003098
0.004747;0.003324;0.002328;0.004747;0.003324;0.002328
0.002592;0.001814;0.001270;0.002592;0.001814;0.001270
0.001570;0.001099;0.000769;0.001570;0.001099;0.000769
0.001593;0.001114;0.000779;0.001593;0.001114;0.000779
0.002701;0.001888;0.001320;0.002701;0.001888;0.001320
0.002089;0.001460;0.001020;0.002089;0.001460;0.001020
0.002521;0.001761;0.001230;0.002521;0.001761;0.001230
0.005051;0.003527;0.002462;0.005051;0.003527;0.002462
0.005517;0.003850;0.002687;0.005517;0.003850;0.002687
0.004255;0.002969;0.002071;0.004255;0.002969;0.002071
0.002780;0.001939;0.001352;0.002780;0.001939;0.001352
0.004622;0.003222;0.002245;0.004622;0.003222;0.002245
0.007669;0.005344;0.003724;0.007669;0.005344;0.003724
0.005103;0.003554;0.002475;0.005103;0.003554;0.002475
0.007097;0.004941;0.003440;0.007097;0.004941;0.003440
0.004319;0.003006;0.002092;0.004319;0.003006;0.002092
0.001810;0.001259;0.000876;0.001810;0.001259;0.000876
0.001849;0.001285;0.000894;0.001849;0.001285;0.000894
0.005674;0.003943;0.002741;0.005674;0.003943;0.002741
0.005122;0.003559;0.002472;0.005122;0.003559;0.002472
0.001746;0.001213;0.000842;0.001746;0.001213;0.000842
0.002685;0.001864;0.001294;0.002685;0.001864;0.001294
0.003080;0.002137;0.001483;0.003080;0.002137;0.001483
0.003475;0.002410;0.001671;0.003475;0.002410;0.001671
0.004787;0.003318;0.002300;0.004787;0.003318;0.002300
0.007408;0.005133;0.003557;0.007408;0.005133;0.003557
0.010165;0.007041;0.004877;0.010165;0.007041;0.004877
0.010140;0.007021;0.004861;0.010140;0.007021;0.004861
0.006614;0.004578;0.003169;0.006614;0.004578;0.003169
0.003388;0.002344;0.001622;0.003388;0.002344;0.001622
0.002712;0.001875;0.001297;0.002712;0.001875;0.001297
0.003002;0.002075;0.001434;0.003002;0.002075;0.001434
0.002661;0.001839;0.001270;0.002661;0.001839;0.001270
0.001511;0.001044;0.000721;0.001511;0.001044;0.000721
0.000613;0.000423;0.000292;0.000613;0.000423;0.000292
0.001147;0.000791;0.000546;0.001147;0.000791;0.000546
0.003379;0.002331;0.001607;0.003379;0.002331;0.001607
0.010069;0.006942;0.004786;0.010069;0.006942;0.004786
0.018402;0.012683;0.008742;0.018402;0.012683;0.008742
0.012690;0.008743;0.006024;0.012690;0.008743;0.006024
0.004458;0.003070;0.002114;0.004458;0.003070;0.002114
0.004397;0.003026;0.002083;0.004397;0.003026;0.002083
0.005763;0.003966;0.002729;0.005763;0.003966;0.002729
0.004611;0.003171;0.002181;0.004611;0.003171;0.002181
0.003373;0.002319;0.001594;0.003373;0.002319;0.001594
0.002780;0.001910;0.001313;0.002780;0.001910;0.001313
0.001354;0.000930;0.000639;0.001354;0.000930;0.000639
0.001863;0.001280;0.000879;0.001863;0.001280;0.000879
0.003045;0.002090;0.001434;0.003045;0.002090;0.001434
0.002060;0.001414;0.000970;0.002060;0.001414;0.000970
0.003802;0.002607;0.001788;0.003802;0.002607;0.001788
0.003225;0.002211;0.001516;0.003225;0.002211;0.001516
0.004193;0.002873;0.001969;0.004193;0.002873;0.001969
0.004993;0.003420;0.002342;0.004993;0.003420;0.002342
0.003019;0.002067;0.001416;0.003019;0.002067;0.001416
0.001729;0.001183;0.000810;0.001729;0.001183;0.000810
0.003541;0.002422;0.001657;0.003541;0.002422;0.001657
0.006620;0.004526;0.003095;0.006620;0.004526;0.003095
0.008020;0.005482;0.003747;0.008020;0.005482;0.003747
0.008319;0.005684;0.003883;0.008319;0.005684;0.003883
0.008692;0.005936;0.004054;0.008692;0.005936;0.004054
0.007040;0.004806;0.003281;0.007040;0.004806;0.003281
0.004647;0.003171;0.002164;0.004647;0.003171;0.002164
0.003371;0.002299;0.001568;0.003371;0.002299;0.001568
0.007086;0.004831;0.003294;0.007086;0.004831;0.003294
0.010087;0.006875;0.004686;0.010087;0.006875;0.004686
0.007171;0.004886;0.003329;0.007171;0.004886;0.003329
0.004914;0.003347;0.002279;0.004914;0.003347;0.002279
0.004553;0.003100;0.002110;0.004553;0.003100;0.002110
0.003444;0.002344;0.001595;0.003444;0.002344;0.001595
0.006562;0.004463;0.003036;0.006562;0.004463;0.003036
0.009512;0.006467;0.004397;0.009512;0.006467;0.004397
0.010356;0.007038;0.004783;0.010356;0.007038;0.004783
0.008021;0.005449;0.003702;0.008021;0.005449;0.003702
0.008626;0.005858;0.003977;0.008626;0.005858;0.003977
0.007429;0.005043;0.003423;0.007429;0.005043;0.003423
0.005056;0.003431;0.002328;0.005056;0.003431;0.002328
0.008524;0.005781;0.003920;0.008524;0.005781;0.003920
0.010828;0.007340;0.004976;0.010828;0.007340;0.004976
0.010160;0.006885;0.004666;0.010160;0.006885;0.004666
0.009976;0.006757;0.004577;0.009976;0.006757;0.004577
0.008924;0.006043;0.004092;0.008924;0.006043;0.004092
0.005132;0.003474;0.002351;0.005132;0.003474;0.002351
0.001836;0.001242;0.000841;0.001836;0.001242;0.000841
0.002749;0.001858;0.001257;0.002749;0.001858;0.001257
0.007262;0.004909;0.003318;0.007262;0.004909;0.003318
0.011656;0.007876;0.005322;0.011656;0.007876;0.005322
0.013287;0.008974;0.006062;0.013287;0.008974;0.006062
0.013002;0.008778;0.005927;0.013002;0.008778;0.005927
0.010107;0.006821;0.004604;0.010107;0.006821;0.004604
0.006851;0.004622;0.003118;0.006851;0.004622;0.003118
0.002124;0.001432;0.000966;0.002124;0.001432;0.000966
0.004692;0.003163;0.002132;0.004692;0.003163;0.002132
0.003529;0.002378;0.001602;0.003529;0.002378;0.001602
0.006516;0.004389;0.002956;0.006516;0.004389;0.002956
0.006159;0.004147;0.002792;0.006159;0.004147;0.002792
0.004046;0.002723;0.001832;0.004046;0.002723;0.001832
0.006606;0.004444;0.002989;0.006606;0.004444;0.002989
0.010557;0.007099;0.004773;0.010557;0.007099;0.004773
0.011787;0.007923;0.005325;0.011787;0.007923;0.005325
0.015143;0.010174;0.006836;0.015143;0.010174;0.006836
0.016023;0.010762;0.007228;0.016023;0.010762;0.007228
0.011868;0.007968;0.005349;0.011868;0.007968;0.005349
0.008953;0.006008;0.004032;0.008953;0.006008;0.004032
0.007944;0.005329;0.003575;0.007944;0.005329;0.003575
0.005188;0.003479;0.002333;0.005188;0.003479;0.002333
0.003312;0.002220;0.001488;0.003312;0.002220;0.001488
0.002411;0.001616;0.001083;0.002411;0.001616;0.001083
0.001861;0.001246;0.000835;0.001861;0.001246;0.000835
0.004434;0.002968;0.001986;0.004434;0.002968;0.001986
0.006851;0.004584;0.003068;0.006851;0.004584;0.003068
0.003983;0.002664;0.001782;0.003983;0.002664;0.001782
0.001234;0.000825;0.000552;0.001234;0.000825;0.000552
0.004128;0.002759;0.001844;0.004128;0.002759;0.001844
0.009942;0.006642;0.004437;0.009942;0.006642;0.004437
0.017376;0.011604;0.007749;0.017376;0.011604;0.007749
0.017595;0.011746;0.007841;0.017595;0.011746;0.007841
0.015388;0.010268;0.006852;0.015388;0.010268;0.006852
0.011649;0.007770;0.005183;0.011649;0.007770;0.005183
0.003180;0.002120;0.001414;0.003180;0.002120;0.001414
0.009121;0.006079;0.004051;0.009121;0.006079;0.004051
0.011739;0.007821;0.005210;0.011739;0.007821;0.005210
0.009350;0.006227;0.004147;0.009350;0.006227;0.004147
0.003370;0.002244;0.001494;0.003370;0.002244;0.001494
0.007901;0.005257;0.003498;0.007901;0.005257;0.003498
0.010908;0.007256;0.004826;0.010908;0.007256;0.004826
0.008685;0.005774;0.003839;0.008685;0.005774;0.003839
0.003159;0.002100;0.001396;0.003159;0.002100;0.001396
0.008837;0.005870;0.003899;0.008837;0.005870;0.003899
0.012974;0.008616;0.005722;0.012974;0.008616;0.005722
0.007832;0.005199;0.003452;0.007832;0.005199;0.003452
0.004173;0.002769;0.001837;0.004173;0.002769;0.001837
0.005230;0.003469;0.002301;0.005230;0.003469;0.002301
0.005482;0.003635;0.002410;0.005482;0.003635;0.002410
0.006703;0.004442;0.002944;0.006703;0.004442;0.002944
0.011116;0.007364;0.004878;0.011116;0.007364;0.004878
0.013749;0.009105;0.006029;0.013749;0.009105;0.006029
0.011918;0.007890;0.005223;0.011918;0.007890;0.005223
0.007054;0.004668;0.003089;0.007054;0.004668;0.003089
0.003975;0.002629;0.001738;0.003975;0.002629;0.001738
0.007217;0.004772;0.003155;0.007217;0.004772;0.003155
0.006622;0.004376;0.002892;0.006622;0.004376;0.002892
0.013091;0.008648;0.005713;0.013091;0.008648;0.005713
0.014470;0.009556;0.006310;0.014470;0.009556;0.006310
0.012419;0.008198;0.005412;0.012419;0.008198;0.005412
0.006766;0.004465;0.002946;0.006766;0.004465;0.002946
0.009485;0.006256;0.004126;0.009485;0.006256;0.004126
0.006492;0.004280;0.002822;0.006492;0.004280;0.002822
0.003383;0.002229;0.001469;0.003383;0.002229;0.001469
0.003788;0.002496;0.001644;0.003788;0.002496;0.001644
0.004834;0.003183;0.002096;0.004834;0.003183;0.002096
0.004569;0.003008;0.001980;0.004569;0.003008;0.001980
0.005503;0.003621;0.002383;0.005503;0.003621;0.002383
0.009703;0.006382;0.004198;0.009703;0.006382;0.004198
0.010708;0.007041;0.004629;0.010708;0.007041;0.004629
0.008682;0.005706;0.003750;0.008682;0.005706;0.003750
0.004343;0.002854;0.001875;0.004343;0.002854;0.001875
0.004010;0.002633;0.001729;0.004010;0.002633;0.001729
0.005863;0.003849;0.002526;0.005863;0.003849;0.002526
0.005024;0.003297;0.002163;0.005024;0.003297;0.002163
0.004837;0.003173;0.002081;0.004837;0.003173;0.002081
0.007132;0.004676;0.003066;0.007132;0.004676;0.003066
0.007758;0.005085;0.003333;0.007758;0.005085;0.003333
0.004738;0.003105;0.002034;0.004738;0.003105;0.002034
0.003251;0.002129;0.001394;0.003251;0.002129;0.001394
0.005659;0.003704;0.002425;0.005659;0.003704;0.002425
0.004688;0.003068;0.002008;0.004688;0.003068;0.002008
0.005073;0.003318;0.002171;0.005073;0.003318;0.002171
0.007034;0.004599;0.003007;0.007034;0.004599;0.003007
0.007597;0.004966;0.003246;0.007597;0.004966;0.003246
0.002225;0.001454;0.000950;0.002225;0.001454;0.000950
0.003366;0.002198;0.001436;0.003366;0.002198;0.001436
0.004143;0.002705;0.001766;0.004143;0.002705;0.001766
0.009792;0.006390;0.004170;0.009792;0.006390;0.004170
0.010979;0.007162;0.004672;0.010979;0.007162;0.004672
0.009340;0.006090;0.003971;0.009340;0.006090;0.003971
0.009328;0.006080;0.003963;0.009328;0.006080;0.003963
0.006406;0.004174;0.002720;0.006406;0.004174;0.002720
0.008471;0.005517;0.003593;0.008471;0.005517;0.003593
0.009906;0.006449;0.004199;0.009906;0.006449;0.004199
0.005087;0.003311;0.002155;0.005087;0.003311;0.002155
0.003071;0.001997;0.001299;0.003071;0.001997;0.001299
0.003881;0.002524;0.001641;0.003881;0.002524;0.001641
0.006601;0.004291;0.002789;0.006601;0.004291;0.002789
0.007611;0.004945;0.003213;0.007611;0.004945;0.003213
0.004321;0.002807;0.001823;0.004321;0.002807;0.001823
0.004164;0.002703;0.001755;0.004164;0.002703;0.001755
0.009619;0.006242;0.004051;0.009619;0.006242;0.004051
0.014475;0.009390;0.006092;0.014475;0.009390;0.006092
0.015507;0.010056;0.006521;0.015507;0.010056;0.006521
0.010081;0.006535;0.004236;0.010081;0.006535;0.004236
0.004198;0.002720;0.001763;0.004198;0.002720;0.001763
0.004978;0.003225;0.002089;0.004978;0.003225;0.002089
0.005207;0.003371;0.002183;0.005207;0.003371;0.002183
0.002253;0.001458;0.000944;0.002253;0.001458;0.000944
0.000475;0.000307;0.000199;0.000475;0.000307;0.000199
0.004092;0.002647;0.001712;0.004092;0.002647;0.001712
0.007227;0.004672;0.003020;0.007227;0.004672;0.003020
0.008219;0.005311;0.003432;0.008219;0.005311;0.003432
0.007385;0.004770;0.003081;0.007385;0.004770;0.003081
0.003127;0.002019;0.001304;0.003127;0.002019;0.001304
0.002445;0.001578;0.001018;0.002445;0.001578;0.001018
0.003630;0.002342;0.001511;0.003630;0.002342;0.001511
0.008363;0.005393;0.003478;0.008363;0.005393;0.003478
0.011812;0.007615;0.004909;0.011812;0.007615;0.004909
0.010237;0.006597;0.004252;0.010237;0.006597;0.004252
0.008136;0.005241;0.003376;0.008136;0.005241;0.003376
0.007826;0.005039;0.003245;0.007826;0.005039;0.003245
0.005816;0.003744;0.002410;0.005816;0.003744;0.002410
0.002427;0.001562;0.001005;0.002427;0.001562;0.001005
0.001526;0.000981;0.000631;0.001526;0.000981;0.000631
0.002046;0.001316;0.000846;0.002046;0.001316;0.000846
0.002316;0.001488;0.000956;0.002316;0.001488;0.000956
0.004056;0.002605;0.001674;0.004056;0.002605;0.001674
0.005901;0.003790;0.002434;0.005901;0.003790;0.002434
0.005300;0.003402;0.002184;0.005300;0.003402;0.002184
0.002435;0.001563;0.001003;0.002435;0.001563;0.001003
0.004645;0.002980;0.001911;0.004645;0.002980;0.001911
0.003772;0.002419;0.001551;0.003772;0.002419;0.001551
0.006307;0.004042;0.002591;0.006307;0.004042;0.002591
0.006174;0.003956;0.002535;0.006174;0.003956;0.002535
0.006059;0.003880;0.002485;0.006059;0.003880;0.002485
0.006536;0.004184;0.002679;0.006536;0.004184;0.002679
0.007263;0.004648;0.002975;0.007263;0.004648;0.002975
0.006880;0.004401;0.002816;0.006880;0.004401;0.002816
0.002588;0.001655;0.001058;0.002588;0.001655;0.001058
0.002803;0.001791;0.001145;0.002803;0.001791;0.001145
0.002181;0.001393;0.000890;0.002181;0.001393;0.000890
0.004481;0.002862;0.001828;0.004481;0.002862;0.001828
0.006008;0.003836;0.002449;0.006008;0.003836;0.002449
0.005841;0.003728;0.002379;0.005841;0.003728;0.002379
0.007449;0.004752;0.003032;0.007449;0.004752;0.003032
0.007494;0.004779;0.003048;0.007494;0.004779;0.003048
0.005441;0.003469;0.002211;0.005441;0.003469;0.002211
0.006871;0.004378;0.002790;0.006871;0.004378;0.002790
0.009108;0.005802;0.003696;0.009108;0.005802;0.003696
0.008236;0.005244;0.003340;0.008236;0.005244;0.003340
0.006062;0.003859;0.002456;0.006062;0.003859;0.002456
0.003861;0.002457;0.001563;0.003861;0.002457;0.001563
0.002863;0.001821;0.001158;0.002863;0.001821;0.001158
0.002074;0.001318;0.000838;0.002074;0.001318;0.000838
0.002260;0.001437;0.000913;0.002260;0.001437;0.000913
0.003650;0.002319;0.001473;0.003650;0.002319;0.001473
0.004330;0.002750;0.001746;0.004330;0.002750;0.001746
0.006933;0.004401;0.002794;0.006933;0.004401;0.002794
0.006742;0.004279;0.002715;0.006742;0.004279;0.002715
0.000209;0.000133;0.000084;0.000209;0.000133;0.000084
0.001899;0.001204;0.000764;0.001899;0.001204;0.000764
0.005074;0.003216;0.002039;0.005074;0.003216;0.002039
0.004255;0.002696;0.001708;0.004255;0.002696;0.001708
0.003125;0.001979;0.001254;0.003125;0.001979;0.001254
0.002562;0.001622;0.001027;0.002562;0.001622;0.001027
0.006544;0.004141;0.002621;0.006544;0.004141;0.002621
0.008004;0.005063;0.003203;0.008004;0.005063;0.003203
0.003941;0.002493;0.001577;0.003941;0.002493;0.001577
0.002373;0.001500;0.000948;0.002373;0.001500;0.000948
0.002091;0.001321;0.000835;0.002091;0.001321;0.000835
0.001286;0.000812;0.000513;0.001286;0.000812;0.000513
0.004059;0.002563;0.001618;0.004059;0.002563;0.001618
0.006598;0.004164;0.002628;0.006598;0.004164;0.002628
0.004709;0.002971;0.001875;0.004709;0.002971;0.001875
0.002921;0.001842;0.001162;0.002921;0.001842;0.001162
0.003910;0.002465;0.001554;0.003910;0.002465;0.001554
0.003837;0.002418;0.001524;0.003837;0.002418;0.001524
0.002767;0.001743;0.001098;0.002767;0.001743;0.001098
0.003621;0.002280;0.001436;0.003621;0.002280;0.001436
0.003584;0.002256;0.001420;0.003584;0.002256;0.001420
0.004866;0.003062;0.001927;0.004866;0.003062;0.001927
0.005910;0.003718;0.002338;0.005910;0.003718;0.002338
0.007982;0.005019;0.003156;0.007982;0.005019;0.003156
0.005667;0.003562;0.002239;0.005667;0.003562;0.002239
0.002058;0.001293;0.000812;0.002058;0.001293;0.000812
0.002681;0.001684;0.001058;0.002681;0.001684;0.001058
0.004639;0.002913;0.001829;0.004639;0.002913;0.001829
0.004521;0.002838;0.001781;0.004521;0.002838;0.001781
0.003315;0.002080;0.001305;0.003315;0.002080;0.001305
0.001990;0.001248;0.000783;0.001990;0.001248;0.000783
0.003073;0.001926;0.001207;0.003073;0.001926;0.001207
0.003629;0.002274;0.001425;0.003629;0.002274;0.001425
0.003278;0.002053;0.001286;0.003278;0.002053;0.001286
0.004046;0.002533;0.001586;0.004046;0.002533;0.001586
0.005178;0.003241;0.002029;0.005178;0.003241;0.002029
0.009263;0.005795;0.003626;0.009263;0.005795;0.003626
0.010364;0.006483;0.004055;0.010364;0.006483;0.004055
0.007920;0.004952;0.003096;0.007920;0.004952;0.003096
0.005237;0.003273;0.002046;0.005237;0.003273;0.002046
0.004755;0.002970;0.001856;0.004755;0.002970;0.001856
0.006797;0.004244;0.002651;0.006797;0.004244;0.002651
0.007671;0.004789;0.002990;0.007671;0.004789;0.002990
0.005926;0.003698;0.002308;0.005926;0.003698;0.002308
0.003669;0.002289;0.001428;0.003669;0.002289;0.001428
0.001631;0.001017;0.000634;0.001631;0.001017;0.000634
0.002905;0.001811;0.001129;0.002905;0.001811;0.001129
0.004898;0.003052;0.001902;0.004898;0.003052;0.001902
0.004171;0.002598;0.001618;0.004171;0.002598;0.001618
0.005120;0.003188;0.001985;0.005120;0.003188;0.001985
0.006287;0.003913;0.002436;0.006287;0.003913;0.002436
0.005166;0.003214;0.002000;0.005166;0.003214;0.002000
0.009968;0.006199;0.003856;0.009968;0.006199;0.003856
0.007892;0.004907;0.003051;0.007892;0.004907;0.003051
0.006117;0.003802;0.002363;0.006117;0.003802;0.002363
0.007025;0.004364;0.002711;0.007025;0.004364;0.002711
0.007879;0.004893;0.003039;0.007879;0.004893;0.003039
0.007952;0.004936;0.003064;0.007952;0.004936;0.003064
0.006289;0.003903;0.002422;0.006289;0.003903;0.002422
0.002653;0.001646;0.001021;0.002653;0.001646;0.001021
0.001548;0.000960;0.000595;0.001548;0.000960;0.000595
0.000979;0.000607;0.000376;0.000979;0.000607;0.000376
0.001285;0.000796;0.000493;0.001285;0.000796;0.000493
0.003534;0.002188;0.001355;0.003534;0.002188;0.001355
0.005405;0.003346;0.002072;0.005405;0.003346;0.002072
0.004188;0.002592;0.001604;0.004188;0.002592;0.001604
0.001899;0.001175;0.000727;0.001899;0.001175;0.000727
0.000988;0.000611;0.000378;0.000988;0.000611;0.000378
0.001491;0.000922;0.000570;0.001491;0.000922;0.000570
0.002541;0.001570;0.000970;0.002541;0.001570;0.000970
0.002460;0.001520;0.000939;0.002460;0.001520;0.000939
0.004088;0.002524;0.001559;0.004088;0.002524;0.001559
0.006597;0.004072;0.002514;0.006597;0.004072;0.002514
0.008337;0.005145;0.003175;0.008337;0.005145;0.003175
0.007806;0.004815;0.002970;0.007806;0.004815;0.002970
0.006329;0.003902;0.002406;0.006329;0.003902;0.002406
0.003484;0.002147;0.001324;0.003484;0.002147;0.001324
0.004156;0.002561;0.001578;0.004156;0.002561;0.001578
0.006963;0.004289;0.002642;0.006963;0.004289;0.002642
0.004801;0.002956;0.001820;0.004801;0.002956;0.001820
0.004321;0.002659;0.001637;0.004321;0.002659;0.001637
0.006085;0.003743;0.002303;0.006085;0.003743;0.002303
0.005801;0.003568;0.002194;0.005801;0.003568;0.002194
0.003513;0.002160;0.001328;0.003513;0.002160;0.001328
0.005716;0.003513;0.002159;0.005716;0.003513;0.002159
0.005830;0.003581;0.002200;0.005830;0.003581;0.002200
0.002632;0.001617;0.000993;0.002632;0.001617;0.000993
0.003549;0.002178;0.001337;0.003549;0.002178;0.001337
0.005123;0.003143;0.001929;0.005123;0.003143;0.001929
0.004101;0.002516;0.001543;0.004101;0.002516;0.001543
0.003436;0.002107;0.001292;0.003436;0.002107;0.001292
0.004962;0.003041;0.001864;0.004962;0.003041;0.001864
0.005837;0.003577;0.002192;0.005837;0.003577;0.002192
0.004461;0.002733;0.001674;0.004461;0.002733;0.001674
0.004623;0.002830;0.001733;0.004623;0.002830;0.001733
0.007540;0.004615;0.002825;0.007540;0.004615;0.002825
0.008630;0.005280;0.003231;0.008630;0.005280;0.003231
0.006905;0.004223;0.002583;0.006905;0.004223;0.002583
0.004804;0.002937;0.001796;0.004804;0.002937;0.001796
0.003913;0.002392;0.001462;0.003913;0.002392;0.001462
0.005073;0.003099;0.001893;0.005073;0.003099;0.001893
0.004685;0.002861;0.001747;0.004685;0.002861;0.001747
0.004987;0.003044;0.001859;0.004987;0.003044;0.001859
0.006395;0.003902;0.002381;0.006395;0.003902;0.002381
0.005909;0.003605;0.002199;0.005909;0.003605;0.002199
0.001871;0.001141;0.000696;0.001871;0.001141;0.000696
0.004290;0.002615;0.001594;0.004290;0.002615;0.001594
0.004886;0.002977;0.001814;0.004886;0.002977;0.001814
0.005111;0.003113;0.001896;0.005111;0.003113;0.001896
0.004288;0.002611;0.001590;0.004288;0.002611;0.001590
0.001967;0.001198;0.000729;0.001967;0.001198;0.000729
0.002454;0.001493;0.000909;0.002454;0.001493;0.000909
0.004156;0.002528;0.001538;0.004156;0.002528;0.001538
0.003622;0.002202;0.001339;0.003622;0.002202;0.001339
0.004640;0.002820;0.001714;0.004640;0.002820;0.001714
0.006511;0.003956;0.002403;0.006511;0.003956;0.002403
0.006294;0.003823;0.002322;0.006294;0.003823;0.002322
0.005749;0.003491;0.002119;0.005749;0.003491;0.002119
0.005827;0.003536;0.002146;0.005827;0.003536;0.002146
0.006118;0.003711;0.002252;0.006118;0.003711;0.002252
0.006343;0.003847;0.002333;0.006343;0.003847;0.002333
0.004423;0.002682;0.001626;0.004423;0.002682;0.001626
0.002545;0.001542;0.000935;0.002545;0.001542;0.000935
0.001993;0.001207;0.000731;0.001993;0.001207;0.000731
0.002351;0.001423;0.000862;0.002351;0.001423;0.000862
0.005602;0.003391;0.002053;0.005602;0.003391;0.002053
0.008790;0.005319;0.003219;0.008790;0.005319;0.003219
0.006137;0.003712;0.002245;0.006137;0.003712;0.002245
0.005500;0.003325;0.002011;0.005500;0.003325;0.002011
0.006527;0.003945;0.002385;0.006527;0.003945;0.002385
0.002536;0.001532;0.000926;0.002536;0.001532;0.000926
0.002814;0.001699;0.001027;0.002814;0.001699;0.001027
0.003199;0.001932;0.001166;0.003199;0.001932;0.001166
0.003338;0.002015;0.001216;0.003338;0.002015;0.001216
0.003108;0.001875;0.001131;0.003108;0.001875;0.001131
0.004575;0.002760;0.001664;0.004575;0.002760;0.001664
0.004259;0.002568;0.001548;0.004259;0.002568;0.001548
0.003904;0.002353;0.001418;0.003904;0.002353;0.001418
0.003706;0.002233;0.001345;0.003706;0.002233;0.001345
0.003747;0.002257;0.001359;0.003747;0.002257;0.001359
0.003002;0.001807;0.001088;0.003002;0.001807;0.001088
0.003631;0.002185;0.001315;0.003631;0.002185;0.001315
0.005662;0.003406;0.002049;0.005662;0.003406;0.002049
0.006537;0.003931;0.002364;0.006537;0.003931;0.002364
0.006143;0.003693;0.002220;0.006143;0.003693;0.002220
0.006174;0.003710;0.002230;0.006174;0.003710;0.002230
0.007449;0.004475;0.002688;0.007449;0.004475;0.002688
0.006797;0.004082;0.002451;0.006797;0.004082;0.002451
0.005633;0.003381;0.002030;0.005633;0.003381;0.002030
0.005142;0.003085;0.001852;0.005142;0.003085;0.001852
0.003263;0.001957;0.001174;0.003263;0.001957;0.001174
0.003618;0.002169;0.001301;0.003618;0.002169;0.001301
0.003946;0.002366;0.001418;0.003946;0.002366;0.001418
0.005275;0.003161;0.001894;0.005275;0.003161;0.001894
0.012644;0.007574;0.004537;0.012644;0.007574;0.004537
0.014350;0.008592;0.005145;0.014350;0.008592;0.005145
0.011827;0.007079;0.004237;0.011827;0.007079;0.004237
0.007552;0.004519;0.002704;0.007552;0.004519;0.002704
0.004720;0.002824;0.001689;0.004720;0.002824;0.001689
0.003760;0.002248;0.001344;0.003760;0.002248;0.001344
0.002889;0.001727;0.001032;0.002889;0.001727;0.001032
0.001633;0.000976;0.000583;0.001633;0.000976;0.000583
0.004422;0.002641;0.001577;0.004422;0.002641;0.001577
0.007873;0.004701;0.002806;0.007873;0.004701;0.002806
0.007379;0.004404;0.002629;0.007379;0.004404;0.002629
0.005144;0.003069;0.001831;0.005144;0.003069;0.001831
0.004201;0.002505;0.001494;0.004201;0.002505;0.001494
0.003091;0.001843;0.001099;0.003091;0.001843;0.001099
0.002984;0.001778;0.001060;0.002984;0.001778;0.001060
0.006246;0.003721;0.002217;0.006246;0.003721;0.002217
0.008371;0.004986;0.002969;0.008371;0.004986;0.002969
0.005338;0.003178;0.001892;0.005338;0.003178;0.001892
0.002330;0.001386;0.000825;0.002330;0.001386;0.000825
0.003865;0.002299;0.001368;0.003865;0.002299;0.001368
0.004163;0.002476;0.001472;0.004163;0.002476;0.001472
0.004544;0.002702;0.001606;0.004544;0.002702;0.001606
0.006069;0.003607;0.002143;0.006069;0.003607;0.002143
0.004787;0.002844;0.001690;0.004787;0.002844;0.001690
0.003472;0.002062;0.001224;0.003472;0.002062;0.001224
0.004312;0.002560;0.001520;0.004312;0.002560;0.001520
0.004368;0.002592;0.001538;0.004368;0.002592;0.001538
0.003261;0.001934;0.001148;0.003261;0.001934;0.001148
0.003007;0.001783;0.001058;0.003007;0.001783;0.001058
0.003185;0.001888;0.001119;0.003185;0.001888;0.001119
0.002770;0.001642;0.000973;0.002770;0.001642;0.000973
0.002678;0.001587;0.000940;0.002678;0.001587;0.000940
0.002704;0.001601;0.000948;0.002704;0.001601;0.000948
0.003854;0.002281;0.001350;0.003854;0.002281;0.001350
0.008281;0.004900;0.002899;0.008281;0.004900;0.002899
0.010493;0.006207;0.003671;0.010493;0.006207;0.003671
0.008021;0.004743;0.002805;0.008021;0.004743;0.002805
0.006477;0.003828;0.002263;0.006477;0.003828;0.002263
0.005509;0.003256;0.001924;0.005509;0.003256;0.001924
0.005729;0.003384;0.001999;0.005729;0.003384;0.001999
0.008321;0.004913;0.002901;0.008321;0.004913;0.002901
0.007611;0.004493;0.002652;0.007611;0.004493;0.002652
0.004207;0.002482;0.001465;0.004207;0.002482;0.001465
0.004093;0.002414;0.001424;0.004093;0.002414;0.001424
0.005361;0.003161;0.001864;0.005361;0.003161;0.001864
0.005840;0.003442;0.002029;0.005840;0.003442;0.002029
0.002390;0.001408;0.000830;0.002390;0.001408;0.000830
0.001771;0.001043;0.000614;0.001771;0.001043;0.000614
0.002070;0.001219;0.000717;0.002070;0.001219;0.000717
0.003679;0.002165;0.001274;0.003679;0.002165;0.001274
0.001787;0.001052;0.000619;0.001787;0.001052;0.000619
0.001538;0.000905;0.000532;0.001538;0.000905;0.000532
0.000666;0.000391;0.000230;0.000666;0.000391;0.000230
0.001381;0.000812;0.000477;0.001381;0.000812;0.000477
0.000775;0.000455;0.000268;0.000775;0.000455;0.000268
0.004392;0.002579;0.001515;0.004392;0.002579;0.001515
0.004717;0.002769;0.001626;0.004717;0.002769;0.001626
0.002289;0.001344;0.000789;0.002289;0.001344;0.000789
0.004348;0.002551;0.001496;0.004348;0.002551;0.001496
0.008182;0.004798;0.002814;0.008182;0.004798;0.002814
0.008092;0.004744;0.002782;0.008092;0.004744;0.002782
0.007112;0.004168;0.002443;0.007112;0.004168;0.002443
0.006348;0.003719;0.002179;0.006348;0.003719;0.002179
0.003309;0.001938;0.001135;0.003309;0.001938;0.001135
0.002643;0.001547;0.000906;0.002643;0.001547;0.000906
0.005292;0.003097;0.001812;0.005292;0.003097;0.001812
0.006934;0.004056;0.002373;0.006934;0.004056;0.002373
0.006654;0.003891;0.002276;0.006654;0.003891;0.002276
0.003965;0.002318;0.001355;0.003965;0.002318;0.001355
0.002851;0.001666;0.000974;0.002851;0.001666;0.000974
0.005552;0.003244;0.001895;0.005552;0.003244;0.001895
0.008822;0.005152;0.003009;0.008822;0.005152;0.003009
0.005012;0.002926;0.001708;0.005012;0.002926;0.001708
0.004221;0.002463;0.001438;0.004221;0.002463;0.001438
0.004742;0.002766;0.001614;0.004742;0.002766;0.001614
0.007032;0.004101;0.002392;0.007032;0.004101;0.002392
0.007170;0.004180;0.002437;0.007170;0.004180;0.002437
0.005692;0.003317;0.001933;0.005692;0.003317;0.001933
0.002243;0.001307;0.000761;0.002243;0.001307;0.000761
0.000282;0.000164;0.000096;0.000282;0.000164;0.000096
0.001795;0.001045;0.000608;0.001795;0.001045;0.000608
0.000659;0.000384;0.000223;0.000659;0.000384;0.000223
0.002295;0.001335;0.000777;0.002295;0.001335;0.000777
0.002794;0.001625;0.000945;0.002794;0.001625;0.000945
0.003318;0.001929;0.001121;0.003318;0.001929;0.001121
0.005339;0.003103;0.001803;0.005339;0.003103;0.001803
0.009205;0.005347;0.003106;0.009205;0.005347;0.003106
0.011188;0.006497;0.003773;0.011188;0.006497;0.003773
0.009924;0.005762;0.003345;0.009924;0.005762;0.003345
0.008753;0.005080;0.002948;0.008753;0.005080;0.002948
0.007413;0.004301;0.002495;0.007413;0.004301;0.002495
0.005052;0.002930;0.001699;0.005052;0.002930;0.001699
0.003395;0.001968;0.001141;0.003395;0.001968;0.001141
0.001809;0.001048;0.000608;0.001809;0.001048;0.000608
0.001361;0.000788;0.000457;0.001361;0.000788;0.000457
0.003486;0.002019;0.001169;0.003486;0.002019;0.001169
0.004294;0.002486;0.001439;0.004294;0.002486;0.001439
0.003974;0.002300;0.001331;0.003974;0.002300;0.001331
0.003620;0.002094;0.001212;0.003620;0.002094;0.001212
0.007423;0.004293;0.002482;0.007423;0.004293;0.002482
0.011097;0.006415;0.003708;0.011097;0.006415;0.003708
0.011869;0.006859;0.003964;0.011869;0.006859;0.003964
0.010695;0.006178;0.003569;0.010695;0.006178;0.003569
0.006231;0.003599;0.002078;0.006231;0.003599;0.002078
0.004595;0.002652;0.001531;0.004595;0.002652;0.001531
0.008658;0.004997;0.002883;0.008658;0.004997;0.002883
0.008749;0.005047;0.002912;0.008749;0.005047;0.002912
0.006611;0.003812;0.002199;0.006611;0.003812;0.002199
0.006744;0.003888;0.002241;0.006744;0.003888;0.002241
0.006896;0.003974;0.002290;0.006896;0.003974;0.002290
0.006331;0.003647;0.002101;0.006331;0.003647;0.002101
0.007247;0.004173;0.002403;0.007247;0.004173;0.002403
0.007103;0.004089;0.002354;0.007103;0.004089;0.002354
0.006766;0.003894;0.002241;0.006766;0.003894;0.002241
0.007035;0.004047;0.002328;0.007035;0.004047;0.002328
0.006294;0.003619;0.002082;0.006294;0.003619;0.002082
0.005968;0.003431;0.001972;0.005968;0.003431;0.001972
0.005715;0.003284;0.001888;0.005715;0.003284;0.001888
0.003835;0.002203;0.001266;0.003835;0.002203;0.001266
0.003596;0.002065;0.001186;0.003596;0.002065;0.001186
0.005075;0.002913;0.001672;0.005075;0.002913;0.001672
0.005931;0.003404;0.001953;0.005931;0.003404;0.001953
0.004469;0.002564;0.001471;0.004469;0.002564;0.001471
0.004008;0.002298;0.001318;0.004008;0.002298;0.001318
0.005099;0.002923;0.001676;0.005099;0.002923;0.001676
0.005770;0.003307;0.001895;0.005770;0.003307;0.001895
0.005524;0.003164;0.001813;0.005524;0.003164;0.001813
0.005517;0.003160;0.001809;0.005517;0.003160;0.001809
0.007727;0.004424;0.002533;0.007727;0.004424;0.002533
0.005054;0.002892;0.001655;0.005054;0.002892;0.001655
0.001394;0.000798;0.000456;0.001394;0.000798;0.000456
0.002479;0.001418;0.000811;0.002479;0.001418;0.000811
0.005309;0.003035;0.001735;0.005309;0.003035;0.001735
0.004579;0.002617;0.001496;0.004579;0.002617;0.001496
0.004978;0.002844;0.001625;0.004978;0.002844;0.001625
0.002530;0.001445;0.000825;0.002530;0.001445;0.000825
0.001531;0.000874;0.000499;0.001531;0.000874;0.000499
0.003888;0.002219;0.001266;0.003888;0.002219;0.001266
0.006084;0.003471;0.001980;0.006084;0.003471;0.001980
0.003687;0.002103;0.001200;0.003687;0.002103;0.001200
0.004981;0.002839;0.001619;0.004981;0.002839;0.001619
0.010014;0.005707;0.003253;0.010014;0.005707;0.003253
0.010007;0.005702;0.003249;0.010007;0.005702;0.003249
0.006294;0.003585;0.002042;0.006294;0.003585;0.002042
0.003682;0.002096;0.001193;0.003682;0.002096;0.001193
0.006216;0.003537;0.002013;0.006216;0.003537;0.002013
0.008882;0.005054;0.002876;0.008882;0.005054;0.002876
0.004059;0.002309;0.001313;0.004059;0.002309;0.001313
0.002105;0.001197;0.000680;0.002105;0.001197;0.000680
0.004708;0.002676;0.001521;0.004708;0.002676;0.001521
0.006351;0.003608;0.002050;0.006351;0.003608;0.002050
0.010107;0.005740;0.003260;0.010107;0.005740;0.003260
0.015579;0.008846;0.005023;0.015579;0.008846;0.005023
0.014674;0.008329;0.004728;0.014674;0.008329;0.004728
0.007641;0.004335;0.002460;0.007641;0.004335;0.002460
0.004146;0.002352;0.001334;0.004146;0.002352;0.001334
0.001497;0.000849;0.000481;0.001497;0.000849;0.000481
0.003038;0.001722;0.000976;0.003038;0.001722;0.000976
0.005226;0.002961;0.001678;0.005226;0.002961;0.001678
0.007854;0.004448;0.002520;0.007854;0.004448;0.002520
0.004379;0.002480;0.001404;0.004379;0.002480;0.001404
0.010387;0.005879;0.003328;0.010387;0.005879;0.003328
0.012076;0.006833;0.003867;0.012076;0.006833;0.003867
0.007233;0.004092;0.002315;0.007233;0.004092;0.002315
0.003477;0.001966;0.001112;0.003477;0.001966;0.001112
0.007579;0.004284;0.002421;0.007579;0.004284;0.002421
0.014637;0.008271;0.004674;0.014637;0.008271;0.004674
0.012528;0.007078;0.003998;0.012528;0.007078;0.003998
0.006308;0.003562;0.002012;0.006308;0.003562;0.002012
0.007643;0.004314;0.002435;0.007643;0.004314;0.002435
0.009401;0.005305;0.002994;0.009401;0.005305;0.002994
0.005999;0.003384;0.001909;0.005999;0.003384;0.001909
0.005477;0.003088;0.001742;0.005477;0.003088;0.001742
0.005214;0.002940;0.001657;0.005214;0.002940;0.001657
0.002255;0.001271;0.000716;0.002255;0.001271;0.000716
0.002587;0.001457;0.000821;0.002587;0.001457;0.000821
0.004154;0.002339;0.001317;0.004154;0.002339;0.001317
0.005467;0.003078;0.001733;0.005467;0.003078;0.001733
0.007695;0.004331;0.002437;0.007695;0.004331;0.002437
0.012818;0.007211;0.004057;0.012818;0.007211;0.004057
0.009033;0.005080;0.002857;0.009033;0.005080;0.002857
0.008094;0.004551;0.002558;0.008094;0.004551;0.002558
0.007060;0.003968;0.002230;0.007060;0.003968;0.002230
0.003173;0.001783;0.001002;0.003173;0.001783;0.001002
0.003304;0.001855;0.001042;0.003304;0.001855;0.001042
0.006443;0.003617;0.002031;0.006443;0.003617;0.002031
0.010587;0.005942;0.003335;0.010587;0.005942;0.003335
0.011918;0.006687;0.003752;0.011918;0.006687;0.003752
0.008625;0.004838;0.002713;0.008625;0.004838;0.002713
0.005296;0.002970;0.001665;0.005296;0.002970;0.001665
0.004402;0.002467;0.001383;0.004402;0.002467;0.001383
0.003303;0.001851;0.001037;0.003303;0.001851;0.001037
0.002039;0.001142;0.000640;0.002039;0.001142;0.000640
0.004254;0.002382;0.001333;0.004254;0.002382;0.001333
0.008158;0.004566;0.002556;0.008158;0.004566;0.002556
0.008755;0.004899;0.002741;0.008755;0.004899;0.002741
0.007086;0.003964;0.002217;0.007086;0.003964;0.002217
0.005089;0.002846;0.001591;0.005089;0.002846;0.001591
0.005560;0.003108;0.001737;0.005560;0.003108;0.001737
0.007974;0.004456;0.002490;0.007974;0.004456;0.002490
0.008292;0.004632;0.002587;0.008292;0.004632;0.002587
0.020622;0.011516;0.006431;0.020622;0.011516;0.006431
0.013119;0.007323;0.004088;0.013119;0.007323;0.004088
0.007183;0.004008;0.002237;0.007183;0.004008;0.002237
0.009631;0.005373;0.002997;0.009631;0.005373;0.002997
0.009961;0.005555;0.003098;0.009961;0.005555;0.003098
0.019768;0.011020;0.006143;0.019768;0.011020;0.006143
0.022084;0.012307;0.006859;0.022084;0.012307;0.006859
0.012839;0.007153;0.003985;0.012839;0.007153;0.003985
0.007496;0.004175;0.002325;0.007496;0.004175;0.002325
0.009921;0.005523;0.003075;0.009921;0.005523;0.003075
0.013483;0.007504;0.004176;0.013483;0.007504;0.004176
0.016760;0.009324;0.005188;0.016760;0.009324;0.005188
0.018527;0.010304;0.005731;0.018527;0.010304;0.005731
0.014081;0.007829;0.004353;0.014081;0.007829;0.004353
0.007218;0.004012;0.002230;0.007218;0.004012;0.002230
0.005700;0.003167;0.001760;0.005700;0.003167;0.001760
0.007476;0.004152;0.002306;0.007476;0.004152;0.002306
0.007368;0.004091;0.002271;0.007368;0.004091;0.002271
0.008382;0.004652;0.002582;0.008382;0.004652;0.002582
0.010804;0.005995;0.003326;0.010804;0.005995;0.003326
0.008218;0.004559;0.002529;0.008218;0.004559;0.002529
0.003554;0.001971;0.001093;0.003554;0.001971;0.001093
0.001790;0.000992;0.000550;0.001790;0.000992;0.000550
0.003976;0.002203;0.001221;0.003976;0.002203;0.001221
0.006857;0.003798;0.002104;0.006857;0.003798;0.002104
0.006873;0.003806;0.002107;0.006873;0.003806;0.002107
0.008059;0.004461;0.002469;0.008059;0.004461;0.002469
0.008674;0.004800;0.002656;0.008674;0.004800;0.002656
0.005036;0.002786;0.001541;0.005036;0.002786;0.001541
0.004064;0.002248;0.001243;0.004064;0.002248;0.001243
0.004660;0.002576;0.001424;0.004660;0.002576;0.001424
0.000935;0.000517;0.000286;0.000935;0.000517;0.000286
0.004920;0.002718;0.001501;0.004920;0.002718;0.001501
0.007461;0.004120;0.002276;0.007461;0.004120;0.002276
0.006109;0.003373;0.001862;0.006109;0.003373;0.001862
0.002344;0.001294;0.000714;0.002344;0.001294;0.000714
0.003627;0.002001;0.001104;0.003627;0.002001;0.001104
0.005909;0.003259;0.001797;0.005909;0.003259;0.001797
0.006244;0.003443;0.001898;0.006244;0.003443;0.001898
0.007013;0.003865;0.002130;0.007013;0.003865;0.002130
0.006797;0.003745;0.002064;0.006797;0.003745;0.002064
0.007055;0.003886;0.002140;0.007055;0.003886;0.002140
0.005719;0.003149;0.001734;0.005719;0.003149;0.001734
0.002799;0.001541;0.000848;0.002799;0.001541;0.000848
0.002001;0.001101;0.000606;0.002001;0.001101;0.000606
0.002269;0.001248;0.000686;0.002269;0.001248;0.000686
0.005662;0.003114;0.001712;0.005662;0.003114;0.001712
0.004889;0.002688;0.001477;0.004889;0.002688;0.001477
0.002896;0.001591;0.000874;0.002896;0.001591;0.000874
0.002248;0.001235;0.000678;0.002248;0.001235;0.000678
0.007582;0.004163;0.002286;0.007582;0.004163;0.002286
0.011136;0.006113;0.003356;0.011136;0.006113;0.003356
0.010807;0.005931;0.003255;0.010807;0.005931;0.003255
0.010138;0.005562;0.003051;0.010138;0.005562;0.003051
0.009635;0.005284;0.002898;0.009635;0.005284;0.002898
0.007055;0.003868;0.002121;0.007055;0.003868;0.002121
0.001890;0.001036;0.000568;0.001890;0.001036;0.000568
0.005582;0.003058;0.001676;0.005582;0.003058;0.001676
0.006830;0.003741;0.002049;0.006830;0.003741;0.002049
0.004737;0.002594;0.001420;0.004737;0.002594;0.001420
0.006001;0.003284;0.001798;0.006001;0.003284;0.001798
0.007375;0.004035;0.002208;0.007375;0.004035;0.002208
0.003416;0.001869;0.001022;0.003416;0.001869;0.001022
0.005443;0.002976;0.001627;0.005443;0.002976;0.001627
0.010325;0.005644;0.003085;0.010325;0.005644;0.003085
0.011709;0.006398;0.003496;0.011709;0.006398;0.003496
0.010828;0.005915;0.003231;0.010828;0.005915;0.003231
0.008488;0.004636;0.002532;0.008488;0.004636;0.002532
0.006780;0.003701;0.002020;0.006780;0.003701;0.002020
0.007753;0.004231;0.002309;0.007753;0.004231;0.002309
0.007633;0.004164;0.002272;0.007633;0.004164;0.002272
0.007004;0.003820;0.002083;0.007004;0.003820;0.002083
0.011845;0.006457;0.003520;0.011845;0.006457;0.003520
0.015431;0.008410;0.004584;0.015431;0.008410;0.004584
0.010754;0.005859;0.003192;0.010754;0.005859;0.003192
0.003498;0.001905;0.001037;0.003498;0.001905;0.001037
0.010626;0.005786;0.003150;0.010626;0.005786;0.003150
0.014419;0.007848;0.004272;0.014419;0.007848;0.004272
0.008870;0.004827;0.002626;0.008870;0.004827;0.002626
0.001575;0.000857;0.000466;0.001575;0.000857;0.000466
0.008931;0.004856;0.002641;0.008931;0.004856;0.002641
0.010376;0.005640;0.003066;0.010376;0.005640;0.003066
0.009037;0.004911;0.002668;0.009037;0.004911;0.002668
0.009599;0.005214;0.002833;0.009599;0.005214;0.002833
0.008963;0.004868;0.002643;0.008963;0.004868;0.002643
0.010264;0.005572;0.003025;0.010264;0.005572;0.003025
0.012027;0.006527;0.003542;0.012027;0.006527;0.003542
0.006500;0.003527;0.001914;0.006500;0.003527;0.001914
0.008762;0.004751;0.002577;0.008762;0.004751;0.002577
0.010047;0.005447;0.002953;0.010047;0.005447;0.002953
0.008913;0.004831;0.002618;0.008913;0.004831;0.002618
0.009631;0.005218;0.002827;0.009631;0.005218;0.002827
0.007911;0.004285;0.002321;0.007911;0.004285;0.002321
0.004971;0.002692;0.001457;0.004971;0.002692;0.001457
0.003417;0.001850;0.001001;0.003417;0.001850;0.001001
0.004736;0.002562;0.001386;0.004736;0.002562;0.001386
0.008961;0.004847;0.002622;0.008961;0.004847;0.002622
0.006464;0.003496;0.001890;0.006464;0.003496;0.001890
0.005904;0.003191;0.001725;0.005904;0.003191;0.001725
0.009958;0.005381;0.002908;0.009958;0.005381;0.002908
0.007447;0.004023;0.002173;0.007447;0.004023;0.002173
0.006629;0.003580;0.001933;0.006629;0.003580;0.001933
0.011312;0.006107;0.003297;0.011312;0.006107;0.003297
0.011060;0.005969;0.003221;0.011060;0.005969;0.003221
0.006641;0.003583;0.001933;0.006641;0.003583;0.001933
0.002659;0.001434;0.000773;0.002659;0.001434;0.000773
0.005053;0.002724;0.001469;0.005053;0.002724;0.001469
0.007132;0.003844;0.002072;0.007132;0.003844;0.002072
0.006399;0.003448;0.001858;0.006399;0.003448;0.001858
0.012800;0.006894;0.003713;0.012800;0.006894;0.003713
0.024188;0.013024;0.007013;0.024188;0.013024;0.007013
0.027179;0.014630;0.007875;0.027179;0.014630;0.007875
0.024090;0.012963;0.006976;0.024090;0.012963;0.006976
0.025958;0.013963;0.007511;0.025958;0.013963;0.007511
0.025523;0.013725;0.007381;0.025523;0.013725;0.007381
0.017741;0.009538;0.005127;0.017741;0.009538;0.005127
0.012727;0.006840;0.003676;0.012727;0.006840;0.003676
0.011371;0.006109;0.003282;0.011371;0.006109;0.003282
0.008065;0.004331;0.002326;0.008065;0.004331;0.002326
0.009156;0.004915;0.002639;0.009156;0.004915;0.002639
0.014634;0.007854;0.004215;0.014634;0.007854;0.004215
0.015144;0.008126;0.004360;0.015144;0.008126;0.004360
0.013422;0.007199;0.003862;0.013422;0.007199;0.003862
0.010723;0.005749;0.003083;0.010723;0.005749;0.003083
0.010347;0.005546;0.002973;0.010347;0.005546;0.002973
0.009527;0.005105;0.002736;0.009527;0.005105;0.002736
0.004832;0.002589;0.001387;0.004832;0.002589;0.001387
0.007149;0.003828;0.002050;0.007149;0.003828;0.002050
0.014903;0.007978;0.004271;0.014903;0.007978;0.004271
0.019868;0.010632;0.005690;0.019868;0.010632;0.005690
0.016977;0.009082;0.004859;0.016977;0.009082;0.004859
0.009629;0.005150;0.002754;0.009629;0.005150;0.002754
0.006935;0.003708;0.001982;0.006935;0.003708;0.001982
0.008551;0.004570;0.002443;0.008551;0.004570;0.002443
0.007185;0.003839;0.002051;0.007185;0.003839;0.002051
0.012685;0.006775;0.003618;0.012685;0.006775;0.003618
0.011190;0.005975;0.003190;0.011190;0.005975;0.003190
0.007690;0.004105;0.002191;0.007690;0.004105;0.002191
0.008241;0.004397;0.002346;0.008241;0.004397;0.002346
0.010027;0.005349;0.002853;0.010027;0.005349;0.002853
0.013347;0.007117;0.003795;0.013347;0.007117;0.003795
0.012269;0.006541;0.003487;0.012269;0.006541;0.003487
0.007027;0.003745;0.001996;0.007027;0.003745;0.001996
0.003219;0.001715;0.000914;0.003219;0.001715;0.000914
0.002237;0.001191;0.000634;0.002237;0.001191;0.000634
0.003044;0.001621;0.000863;0.003044;0.001621;0.000863
0.005758;0.003064;0.001631;0.005758;0.003064;0.001631
0.007659;0.004075;0.002168;0.007659;0.004075;0.002168
0.004910;0.002612;0.001389;0.004910;0.002612;0.001389
0.004076;0.002167;0.001152;0.004076;0.002167;0.001152
0.003273;0.001740;0.000925;0.003273;0.001740;0.000925
0.004695;0.002495;0.001325;0.004695;0.002495;0.001325
0.008291;0.004404;0.002339;0.008291;0.004404;0.002339
0.008744;0.004644;0.002466;0.008744;0.004644;0.002466
0.001937;0.001028;0.000546;0.001937;0.001028;0.000546
0.000760;0.000403;0.000214;0.000760;0.000403;0.000214
0.003634;0.001928;0.001023;0.003634;0.001928;0.001023
0.007814;0.004144;0.002198;0.007814;0.004144;0.002198
0.007298;0.003869;0.002052;0.007298;0.003869;0.002052
0.005769;0.003058;0.001621;0.005769;0.003058;0.001621
0.004871;0.002581;0.001367;0.004871;0.002581;0.001367
0.009181;0.004863;0.002575;0.009181;0.004863;0.002575
0.013735;0.007273;0.003851;0.013735;0.007273;0.003851
0.011631;0.006157;0.003259;0.011631;0.006157;0.003259
0.009015;0.004771;0.002524;0.009015;0.004771;0.002524
0.008451;0.004470;0.002365;0.008451;0.004470;0.002365
0.006523;0.003450;0.001824;0.006523;0.003450;0.001824
0.005536;0.002926;0.001547;0.005536;0.002926;0.001547
0.007325;0.003871;0.002046;0.007325;0.003871;0.002046
0.007740;0.004089;0.002161;0.007740;0.004089;0.002161
0.005730;0.003027;0.001599;0.005730;0.003027;0.001599
0.004947;0.002612;0.001379;0.004947;0.002612;0.001379
0.008022;0.004234;0.002235;0.008022;0.004234;0.002235
0.013174;0.006951;0.003668;0.013174;0.006951;0.003668
0.015327;0.008084;0.004264;0.015327;0.008084;0.004264
0.018668;0.009844;0.005191;0.018668;0.009844;0.005191
0.018213;0.009601;0.005061;0.018213;0.009601;0.005061
0.010128;0.005337;0.002813;0.010128;0.005337;0.002813
0.005305;0.002795;0.001472;0.005305;0.002795;0.001472
0.003129;0.001648;0.000868;0.003129;0.001648;0.000868
0.005322;0.002802;0.001475;0.005322;0.002802;0.001475
0.008225;0.004329;0.002278;0.008225;0.004329;0.002278
0.008701;0.004578;0.002409;0.008701;0.004578;0.002409
0.004130;0.002172;0.001143;0.004130;0.002172;0.001143
0.003855;0.002027;0.001066;0.003855;0.002027;0.001066
0.004227;0.002222;0.001168;0.004227;0.002222;0.001168
0.003733;0.001962;0.001031;0.003733;0.001962;0.001031
0.005444;0.002859;0.001502;0.005444;0.002859;0.001502
0.008101;0.004254;0.002234;0.008101;0.004254;0.002234
0.008136;0.004271;0.002242;0.008136;0.004271;0.002242
0.006635;0.003482;0.001827;0.006635;0.003482;0.001827
0.007016;0.003681;0.001931;0.007016;0.003681;0.001931
0.008102;0.004249;0.002229;0.008102;0.004249;0.002229
0.010450;0.005479;0.002872;0.010450;0.005479;0.002872
0.014019;0.007348;0.003851;0.014019;0.007348;0.003851
0.015343;0.008039;0.004213;0.015343;0.008039;0.004213
0.012297;0.006441;0.003374;0.012297;0.006441;0.003374
0.007747;0.004057;0.002124;0.007747;0.004057;0.002124
0.005985;0.003133;0.001640;0.005985;0.003133;0.001640
0.005777;0.003023;0.001582;0.005777;0.003023;0.001582
0.005565;0.002911;0.001523;0.005565;0.002911;0.001523
0.006031;0.003154;0.001649;0.006031;0.003154;0.001649
0.006503;0.003400;0.001778;0.006503;0.003400;0.001778
0.004157;0.002173;0.001136;0.004157;0.002173;0.001136
0.004864;0.002541;0.001328;0.004864;0.002541;0.001328
0.007450;0.003891;0.002032;0.007450;0.003891;0.002032
0.008157;0.004259;0.002224;0.008157;0.004259;0.002224
0.011400;0.005951;0.003106;0.011400;0.005951;0.003106
0.013607;0.007100;0.003705;0.013607;0.007100;0.003705
0.009423;0.004916;0.002564;0.009423;0.004916;0.002564
0.004965;0.002589;0.001350;0.004965;0.002589;0.001350
0.001866;0.000973;0.000507;0.001866;0.000973;0.000507
0.003407;0.001776;0.000925;0.003407;0.001776;0.000925
0.005230;0.002725;0.001420;0.005230;0.002725;0.001420
0.005520;0.002875;0.001497;0.005520;0.002875;0.001497
0.004482;0.002334;0.001215;0.004482;0.002334;0.001215
0.005678;0.002955;0.001538;0.005678;0.002955;0.001538
0.005193;0.002702;0.001406;0.005193;0.002702;0.001406
0.004736;0.002464;0.001282;0.004736;0.002464;0.001282
0.005463;0.002841;0.001477;0.005463;0.002841;0.001477
0.004604;0.002393;0.001244;0.004604;0.002393;0.001244
0.003117;0.001620;0.000842;0.003117;0.001620;0.000842
0.002474;0.001285;0.000668;0.002474;0.001285;0.000668
0.002532;0.001315;0.000683;0.002532;0.001315;0.000683
0.002650;0.001376;0.000714;0.002650;0.001376;0.000714
0.001484;0.000770;0.000400;0.001484;0.000770;0.000400
0.003749;0.001945;0.001009;0.003749;0.001945;0.001009
0.007467;0.003873;0.002009;0.007467;0.003873;0.002009
0.009965;0.005167;0.002680;0.009965;0.005167;0.002680
0.009379;0.004862;0.002521;0.009379;0.004862;0.002521
0.003551;0.001840;0.000954;0.003551;0.001840;0.000954
0.002007;0.001040;0.000539;0.002007;0.001040;0.000539
0.004422;0.002290;0.001186;0.004422;0.002290;0.001186
0.005472;0.002833;0.001467;0.005472;0.002833;0.001467
0.003154;0.001632;0.000845;0.003154;0.001632;0.000845
0.003622;0.001874;0.000970;0.003622;0.001874;0.000970
0.001232;0.000637;0.000330;0.001232;0.000637;0.000330
0.005010;0.002591;0.001340;0.005010;0.002591;0.001340
0.007726;0.003994;0.002065;0.007726;0.003994;0.002065
0.008877;0.004587;0.002371;0.008877;0.004587;0.002371
0.007459;0.003854;0.001991;0.007459;0.003854;0.001991
0.005926;0.003060;0.001581;0.005926;0.003060;0.001581
0.005997;0.003096;0.001598;0.005997;0.003096;0.001598
0.005821;0.003004;0.001551;0.005821;0.003004;0.001551
0.003242;0.001673;0.000863;0.003242;0.001673;0.000863
0.003096;0.001597;0.000824;0.003096;0.001597;0.000824
0.006277;0.003237;0.001669;0.006277;0.003237;0.001669
0.008486;0.004375;0.002255;0.008486;0.004375;0.002255
0.009090;0.004685;0.002414;0.009090;0.004685;0.002414
0.007503;0.003866;0.001992;0.007503;0.003866;0.001992
0.006132;0.003158;0.001626;0.006132;0.003158;0.001626
0.006001;0.003089;0.001591;0.006001;0.003089;0.001591
0.005866;0.003020;0.001554;0.005866;0.003020;0.001554
0.005069;0.002608;0.001342;0.005069;0.002608;0.001342
0.008294;0.004266;0.002194;0.008294;0.004266;0.002194
0.007382;0.003796;0.001952;0.007382;0.003796;0.001952
0.002486;0.001278;0.000657;0.002486;0.001278;0.000657
0.005790;0.002976;0.001529;0.005790;0.002976;0.001529
0.004105;0.002109;0.001083;0.004105;0.002109;0.001083
0.003653;0.001876;0.000964;0.003653;0.001876;0.000964
0.003791;0.001946;0.000999;0.003791;0.001946;0.000999
0.004907;0.002519;0.001293;0.004907;0.002519;0.001293
0.002987;0.001533;0.000787;0.002987;0.001533;0.000787
0.002467;0.001265;0.000649;0.002467;0.001265;0.000649
0.003009;0.001543;0.000791;0.003009;0.001543;0.000791
0.006670;0.003419;0.001753;0.006670;0.003419;0.001753
0.007328;0.003755;0.001925;0.007328;0.003755;0.001925
0.005621;0.002880;0.001475;0.005621;0.002880;0.001475
0.004355;0.002231;0.001142;0.004355;0.002231;0.001142
0.004537;0.002323;0.001189;0.004537;0.002323;0.001189
0.007796;0.003990;0.002042;0.007796;0.003990;0.002042
0.010234;0.005237;0.002680;0.010234;0.005237;0.002680
0.007269;0.003719;0.001902;0.007269;0.003719;0.001902
0.003667;0.001875;0.000959;0.003667;0.001875;0.000959
0.002935;0.001501;0.000767;0.002935;0.001501;0.000767
0.002511;0.001283;0.000656;0.002511;0.001283;0.000656
0.003161;0.001615;0.000825;0.003161;0.001615;0.000825
0.001337;0.000683;0.000349;0.001337;0.000683;0.000349
0.003228;0.001648;0.000841;0.003228;0.001648;0.000841
0.005431;0.002772;0.001415;0.005431;0.002772;0.001415
0.006108;0.003117;0.001590;0.006108;0.003117;0.001590
0.006403;0.003266;0.001666;0.006403;0.003266;0.001666
0.009092;0.004636;0.002364;0.009092;0.004636;0.002364
0.012763;0.006506;0.003317;0.012763;0.006506;0.003317
0.008888;0.004530;0.002308;0.008888;0.004530;0.002308
0.006617;0.003371;0.001717;0.006617;0.003371;0.001717
0.005281;0.002690;0.001370;0.005281;0.002690;0.001370
0.003529;0.001797;0.000915;0.003529;0.001797;0.000915
0.003065;0.001560;0.000794;0.003065;0.001560;0.000794
0.003772;0.001919;0.000977;0.003772;0.001919;0.000977
0.006083;0.003094;0.001574;0.006083;0.003094;0.001574
0.007001;0.003560;0.001811;0.007001;0.003560;0.001811
0.003385;0.001721;0.000875;0.003385;0.001721;0.000875
0.001815;0.000922;0.000469;0.001815;0.000922;0.000469
0.003507;0.001782;0.000905;0.003507;0.001782;0.000905
0.007223;0.003668;0.001863;0.007223;0.003668;0.001863
0.008067;0.004096;0.002080;0.008067;0.004096;0.002080
0.005390;0.002736;0.001389;0.005390;0.002736;0.001389
0.005583;0.002833;0.001438;0.005583;0.002833;0.001438
0.008903;0.004516;0.002291;0.008903;0.004516;0.002291
0.009998;0.005070;0.002571;0.009998;0.005070;0.002571
0.005403;0.002739;0.001389;0.005403;0.002739;0.001389
0.002526;0.001280;0.000649;0.002526;0.001280;0.000649
0.005970;0.003025;0.001533;0.005970;0.003025;0.001533
0.003885;0.001968;0.000997;0.003885;0.001968;0.000997
0.004097;0.002075;0.001051;0.004097;0.002075;0.001051
0.005971;0.003023;0.001530;0.005971;0.003023;0.001530
0.005030;0.002546;0.001288;0.005030;0.002546;0.001288
0.003709;0.001876;0.000949;0.003709;0.001876;0.000949
0.003151;0.001593;0.000806;0.003151;0.001593;0.000806
0.004426;0.002238;0.001131;0.004426;0.002238;0.001131
0.005196;0.002626;0.001327;0.005196;0.002626;0.001327
0.004143;0.002094;0.001058;0.004143;0.002094;0.001058
0.003299;0.001667;0.000842;0.003299;0.001667;0.000842
0.004735;0.002391;0.001207;0.004735;0.002391;0.001207
0.003392;0.001712;0.000864;0.003392;0.001712;0.000864
0.001531;0.000773;0.000390;0.001531;0.000773;0.000390
0.003016;0.001522;0.000768;0.003016;0.001522;0.000768
0.005308;0.002677;0.001350;0.005308;0.002677;0.001350
0.004740;0.002390;0.001205;0.004740;0.002390;0.001205
0.004410;0.002223;0.001120;0.004410;0.002223;0.001120
0.006250;0.003149;0.001587;0.006250;0.003149;0.001587
0.005472;0.002756;0.001389;0.005472;0.002756;0.001389
0.002448;0.001233;0.000621;0.002448;0.001233;0.000621
0.001529;0.000770;0.000388;0.001529;0.000770;0.000388
0.001718;0.000865;0.000435;0.001718;0.000865;0.000435
0.002112;0.001063;0.000535;0.002112;0.001063;0.000535
0.000869;0.000437;0.000220;0.000869;0.000437;0.000220
0.000727;0.000366;0.000184;0.000727;0.000366;0.000184
0.001099;0.000552;0.000278;0.001099;0.000552;0.000278
0.002847;0.001431;0.000719;0.002847;0.001431;0.000719
0.005863;0.002946;0.001480;0.005863;0.002946;0.001480
0.012071;0.006062;0.003045;0.012071;0.006062;0.003045
0.013199;0.006627;0.003327;0.013199;0.006627;0.003327
0.007719;0.003874;0.001944;0.007719;0.003874;0.001944
0.006123;0.003072;0.001541;0.006123;0.003072;0.001541
0.005727;0.002873;0.001441;0.005727;0.002873;0.001441
0.004784;0.002399;0.001203;0.004784;0.002399;0.001203
0.005443;0.002729;0.001368;0.005443;0.002729;0.001368
0.006861;0.003438;0.001723;0.006861;0.003438;0.001723
0.008326;0.004172;0.002090;0.008326;0.004172;0.002090
0.010250;0.005133;0.002571;0.010250;0.005133;0.002571
0.010127;0.005071;0.002539;0.010127;0.005071;0.002539
0.007739;0.003874;0.001939;0.007739;0.003874;0.001939
0.005622;0.002814;0.001408;0.005622;0.002814;0.001408
0.006335;0.003169;0.001585;0.006335;0.003169;0.001585
0.007475;0.003738;0.001870;0.007475;0.003738;0.001870
0.006847;0.003423;0.001711;0.006847;0.003423;0.001711
0.005031;0.002515;0.001257;0.005031;0.002515;0.001257
0.005086;0.002541;0.001269;0.005086;0.002541;0.001269
0.007445;0.003718;0.001857;0.007445;0.003718;0.001857
0.007226;0.003608;0.001802;0.007226;0.003608;0.001802
0.006060;0.003025;0.001510;0.006060;0.003025;0.001510
0.004539;0.002265;0.001130;0.004539;0.002265;0.001130
0.002974;0.001483;0.000740;0.002974;0.001483;0.000740
0.004486;0.002237;0.001116;0.004486;0.002237;0.001116
0.005574;0.002779;0.001386;0.005574;0.002779;0.001386
0.004849;0.002417;0.001205;0.004849;0.002417;0.001205
0.003367;0.001678;0.000836;0.003367;0.001678;0.000836
0.007436;0.003704;0.001845;0.007436;0.003704;0.001845
0.009137;0.004550;0.002266;0.009137;0.004550;0.002266
0.007146;0.003557;0.001771;0.007146;0.003557;0.001771
0.007644;0.003804;0.001893;0.007644;0.003804;0.001893
0.008857;0.004407;0.002193;0.008857;0.004407;0.002193
0.006957;0.003460;0.001721;0.006957;0.003460;0.001721
0.006879;0.003421;0.001701;0.006879;0.003421;0.001701
0.007367;0.003662;0.001820;0.007367;0.003662;0.001820
0.004891;0.002431;0.001208;0.004891;0.002431;0.001208
0.003295;0.001637;0.000813;0.003295;0.001637;0.000813
0.004724;0.002346;0.001165;0.004724;0.002346;0.001165
0.004491;0.002230;0.001107;0.004491;0.002230;0.001107
0.002381;0.001182;0.000587;0.002381;0.001182;0.000587
0.002406;0.001194;0.000592;0.002406;0.001194;0.000592
0.002875;0.001426;0.000707;0.002875;0.001426;0.000707
0.002037;0.001010;0.000501;0.002037;0.001010;0.000501
0.002161;0.001071;0.000531;0.002161;0.001071;0.000531
0.003479;0.001724;0.000854;0.003479;0.001724;0.000854
0.006224;0.003084;0.001528;0.006224;0.003084;0.001528
0.007315;0.003624;0.001795;0.007315;0.003624;0.001795
0.002928;0.001450;0.000718;0.002928;0.001450;0.000718
0.002149;0.001064;0.000526;0.002149;0.001064;0.000526
0.003895;0.001928;0.000954;0.003895;0.001928;0.000954
0.004076;0.002016;0.000997;0.004076;0.002016;0.000997
0.006258;0.003095;0.001531;0.006258;0.003095;0.001531
0.006640;0.003283;0.001623;0.006640;0.003283;0.001623
0.007287;0.003602;0.001780;0.007287;0.003602;0.001780
0.002755;0.001361;0.000673;0.002755;0.001361;0.000673
0.004107;0.002029;0.001002;0.004107;0.002029;0.001002
0.001820;0.000899;0.000444;0.001820;0.000899;0.000444
0.001383;0.000683;0.000337;0.001383;0.000683;0.000337
0.001785;0.000881;0.000435;0.001785;0.000881;0.000435
0.004065;0.002005;0.000989;0.004065;0.002005;0.000989
0.007022;0.003463;0.001708;0.007022;0.003463;0.001708
0.006657;0.003283;0.001619;0.006657;0.003283;0.001619
0.005539;0.002730;0.001346;0.005539;0.002730;0.001346
0.005891;0.002903;0.001431;0.005891;0.002903;0.001431
0.007288;0.003591;0.001769;0.007288;0.003591;0.001769
0.007948;0.003914;0.001928;0.007948;0.003914;0.001928
0.008085;0.003981;0.001960;0.008085;0.003981;0.001960
0.008442;0.004155;0.002045;0.008442;0.004155;0.002045
0.007448;0.003665;0.001804;0.007448;0.003665;0.001804
0.004871;0.002396;0.001179;0.004871;0.002396;0.001179
0.004032;0.001983;0.000975;0.004032;0.001983;0.000975
0.006533;0.003212;0.001579;0.006533;0.003212;0.001579
0.008298;0.004079;0.002005;0.008298;0.004079;0.002005
0.007822;0.003843;0.001888;0.007822;0.003843;0.001888
0.005906;0.002901;0.001425;0.005906;0.002901;0.001425
0.005270;0.002588;0.001271;0.005270;0.002588;0.001271
0.002733;0.001341;0.000659;0.002733;0.001341;0.000659
0.005218;0.002561;0.001257;0.005218;0.002561;0.001257
0.006034;0.002960;0.001452;0.006034;0.002960;0.001452
0.004599;0.002255;0.001106;0.004599;0.002255;0.001106
0.004714;0.002311;0.001133;0.004714;0.002311;0.001133
0.002849;0.001396;0.000685;0.002849;0.001396;0.000685
0.001488;0.000729;0.000357;0.001488;0.000729;0.000357
0.005377;0.002634;0.001290;0.005377;0.002634;0.001290
0.008594;0.004209;0.002061;0.008594;0.004209;0.002061
0.004573;0.002239;0.001096;0.004573;0.002239;0.001096
0.002380;0.001165;0.000570;0.002380;0.001165;0.000570
0.001995;0.000976;0.000478;0.001995;0.000976;0.000478
0.002056;0.001006;0.000492;0.002056;0.001006;0.000492
0.003024;0.001479;0.000723;0.003024;0.001479;0.000723
0.004684;0.002290;0.001119;0.004684;0.002290;0.001119
0.004211;0.002058;0.001006;0.004211;0.002058;0.001006
0.001959;0.000957;0.000468;0.001959;0.000957;0.000468
0.002483;0.001213;0.000592;0.002483;0.001213;0.000592
0.003938;0.001923;0.000939;0.003938;0.001923;0.000939
0.003433;0.001676;0.000818;0.003433;0.001676;0.000818
0.005689;0.002776;0.001355;0.005689;0.002776;0.001355
0.006990;0.003410;0.001664;0.006990;0.003410;0.001664
0.005739;0.002799;0.001365;0.005739;0.002799;0.001365
0.006110;0.002979;0.001452;0.006110;0.002979;0.001452
0.005907;0.002879;0.001403;0.005907;0.002879;0.001403
0.005434;0.002648;0.001290;0.005434;0.002648;0.001290
0.003383;0.001648;0.000803;0.003383;0.001648;0.000803
0.002159;0.001051;0.000512;0.002159;0.001051;0.000512
0.008288;0.004035;0.001965;0.008288;0.004035;0.001965
0.011627;0.005659;0.002754;0.011627;0.005659;0.002754
0.008133;0.003957;0.001926;0.008133;0.003957;0.001926
0.001860;0.000905;0.000440;0.001860;0.000905;0.000440
0.001820;0.000885;0.000430;0.001820;0.000885;0.000430
0.003209;0.001560;0.000758;0.003209;0.001560;0.000758
0.006717;0.003264;0.001586;0.006717;0.003264;0.001586
0.006558;0.003186;0.001548;0.006558;0.003186;0.001548
0.005734;0.002785;0.001353;0.005734;0.002785;0.001353
0.003069;0.001491;0.000724;0.003069;0.001491;0.000724
0.004692;0.002277;0.001105;0.004692;0.002277;0.001105
0.004822;0.002340;0.001136;0.004822;0.002340;0.001136
0.004442;0.002155;0.001045;0.004442;0.002155;0.001045
0.005131;0.002489;0.001207;0.005131;0.002489;0.001207
0.005306;0.002573;0.001247;0.005306;0.002573;0.001247
0.006348;0.003077;0.001492;0.006348;0.003077;0.001492
0.004847;0.002349;0.001138;0.004847;0.002349;0.001138
0.003505;0.001698;0.000823;0.003505;0.001698;0.000823
0.005801;0.002809;0.001361;0.005801;0.002809;0.001361
0.007375;0.003571;0.001729;0.007375;0.003571;0.001729
0.004714;0.002282;0.001105;0.004714;0.002282;0.001105
0.002293;0.001110;0.000537;0.002293;0.001110;0.000537
0.002757;0.001334;0.000645;0.002757;0.001334;0.000645
0.001608;0.000778;0.000376;0.001608;0.000778;0.000376
0.007294;0.003526;0.001705;0.007294;0.003526;0.001705
0.002322;0.001122;0.000542;0.002322;0.001122;0.000542
0.005007;0.002419;0.001169;0.005007;0.002419;0.001169
0.001873;0.000905;0.000437;0.001873;0.000905;0.000437
0.002919;0.001409;0.000681;0.002919;0.001409;0.000681
0.002631;0.001270;0.000613;0.002631;0.001270;0.000613
0.004379;0.002114;0.001020;0.004379;0.002114;0.001020
0.007740;0.003734;0.001802;0.007740;0.003734;0.001802
0.003712;0.001790;0.000864;0.003712;0.001790;0.000864
0.004850;0.002339;0.001128;0.004850;0.002339;0.001128
0.008287;0.003995;0.001925;0.008287;0.003995;0.001925
0.012171;0.005865;0.002826;0.012171;0.005865;0.002826
0.011631;0.005603;0.002700;0.011631;0.005603;0.002700
0.006472;0.003117;0.001501;0.006472;0.003117;0.001501
0.003452;0.001662;0.000800;0.003452;0.001662;0.000800
0.002949;0.001419;0.000683;0.002949;0.001419;0.000683
0.001813;0.000872;0.000420;0.001813;0.000872;0.000420
0.001277;0.000614;0.000295;0.001277;0.000614;0.000295
0.003054;0.001468;0.000706;0.003054;0.001468;0.000706
0.005463;0.002627;0.001263;0.005463;0.002627;0.001263
0.004892;0.002351;0.001130;0.004892;0.002351;0.001130
0.007013;0.003370;0.001619;0.007013;0.003370;0.001619
0.006074;0.002918;0.001402;0.006074;0.002918;0.001402
0.003144;0.001510;0.000725;0.003144;0.001510;0.000725
0.007746;0.003719;0.001785;0.007746;0.003719;0.001785
0.007583;0.003639;0.001747;0.007583;0.003639;0.001747
0.007795;0.003740;0.001794;0.007795;0.003740;0.001794
0.006781;0.003253;0.001560;0.006781;0.003253;0.001560
0.003788;0.001817;0.000871;0.003788;0.001817;0.000871
0.001808;0.000867;0.000415;0.001808;0.000867;0.000415
0.000898;0.000430;0.000206;0.000898;0.000430;0.000206
0.002848;0.001365;0.000654;0.002848;0.001365;0.000654
0.004389;0.002102;0.001007;0.004389;0.002102;0.001007
0.003550;0.001700;0.000814;0.003550;0.001700;0.000814
0.004522;0.002165;0.001036;0.004522;0.002165;0.001036
0.006310;0.003019;0.001445;0.006310;0.003019;0.001445
0.006430;0.003076;0.001472;0.006430;0.003076;0.001472
0.009205;0.004403;0.002106;0.009205;0.004403;0.002106
0.010818;0.005173;0.002473;0.010818;0.005173;0.002473
0.009565;0.004572;0.002186;0.009565;0.004572;0.002186
0.007509;0.003589;0.001715;0.007509;0.003589;0.001715
0.005444;0.002601;0.001242;0.005444;0.002601;0.001242
0.006401;0.003057;0.001460;0.006401;0.003057;0.001460
0.009990;0.004770;0.002277;0.009990;0.004770;0.002277
0.011992;0.005724;0.002732;0.011992;0.005724;0.002732
0.011381;0.005431;0.002592;0.011381;0.005431;0.002592
0.007718;0.003682;0.001756;0.007718;0.003682;0.001756
0.006506;0.003103;0.001480;0.006506;0.003103;0.001480
0.008307;0.003961;0.001888;0.008307;0.003961;0.001888
0.005859;0.002793;0.001331;0.005859;0.002793;0.001331
0.001676;0.000799;0.000381;0.001676;0.000799;0.000381
0.002370;0.001129;0.000538;0.002370;0.001129;0.000538
0.010704;0.005098;0.002428;0.010704;0.005098;0.002428
0.013297;0.006330;0.003014;0.013297;0.006330;0.003014
0.007388;0.003516;0.001674;0.007388;0.003516;0.001674
0.007482;0.003560;0.001694;0.007482;0.003560;0.001694
0.005435;0.002585;0.001230;0.005435;0.002585;0.001230
0.002986;0.001420;0.000675;0.002986;0.001420;0.000675
0.006142;0.002920;0.001388;0.006142;0.002920;0.001388
0.008666;0.004119;0.001958;0.008666;0.004119;0.001958
0.011006;0.005229;0.002484;0.011006;0.005229;0.002484
0.013582;0.006451;0.003064;0.013582;0.006451;0.003064
0.010225;0.004856;0.002306;0.010225;0.004856;0.002306
0.007612;0.003614;0.001716;0.007612;0.003614;0.001716
0.008342;0.003959;0.001879;0.008342;0.003959;0.001879
0.011774;0.005586;0.002650;0.011774;0.005586;0.002650
0.013420;0.006365;0.003019;0.013420;0.006365;0.003019
0.011012;0.005222;0.002476;0.011012;0.005222;0.002476
0.011000;0.005214;0.002472;0.011000;0.005214;0.002472
0.010301;0.004882;0.002314;0.010301;0.004882;0.002314
0.005770;0.002734;0.001295;0.005770;0.002734;0.001295
0.004243;0.002010;0.000952;0.004243;0.002010;0.000952
0.007390;0.003499;0.001657;0.007390;0.003499;0.001657
0.008447;0.003998;0.001893;0.008447;0.003998;0.001893
0.003723;0.001762;0.000834;0.003723;0.001762;0.000834
0.003940;0.001864;0.000882;0.003940;0.001864;0.000882
0.005230;0.002474;0.001170;0.005230;0.002474;0.001170
0.007759;0.003669;0.001735;0.007759;0.003669;0.001735
0.012229;0.005781;0.002732;0.012229;0.005781;0.002732
0.012094;0.005715;0.002701;0.012094;0.005715;0.002701
0.007163;0.003384;0.001599;0.007163;0.003384;0.001599
0.005068;0.002393;0.001130;0.005068;0.002393;0.001130
0.006240;0.002946;0.001391;0.006240;0.002946;0.001391
0.009912;0.004679;0.002208;0.009912;0.004679;0.002208
0.005826;0.002750;0.001298;0.005826;0.002750;0.001298
0.010966;0.005173;0.002440;0.010966;0.005173;0.002440
0.017910;0.008446;0.003983;0.017910;0.008446;0.003983
0.014578;0.006873;0.003241;0.014578;0.006873;0.003241
0.012420;0.005854;0.002759;0.012420;0.005854;0.002759
0.014942;0.007041;0.003318;0.014942;0.007041;0.003318
0.013189;0.006213;0.002927;0.013189;0.006213;0.002927
0.008274;0.003897;0.001835;0.008274;0.003897;0.001835
0.008251;0.003885;0.001829;0.008251;0.003885;0.001829
0.010710;0.005041;0.002373;0.010710;0.005041;0.002373
0.010092;0.004749;0.002234;0.010092;0.004749;0.002234
0.012605;0.005929;0.002789;0.012605;0.005929;0.002789
0.018822;0.008852;0.004163;0.018822;0.008852;0.004163
0.015991;0.007518;0.003535;0.015991;0.007518;0.003535
0.007496;0.003523;0.001656;0.007496;0.003523;0.001656
0.011863;0.005574;0.002619;0.011863;0.005574;0.002619
0.011973;0.005624;0.002642;0.011973;0.005624;0.002642
0.011981;0.005627;0.002642;0.011981;0.005627;0.002642
0.009392;0.004410;0.002070;0.009392;0.004410;0.002070
0.007398;0.003472;0.001630;0.007398;0.003472;0.001630
0.020628;0.009679;0.004542;0.020628;0.009679;0.004542
0.020821;0.009767;0.004581;0.020821;0.009767;0.004581
0.017023;0.007983;0.003744;0.017023;0.007983;0.003744
0.015920;0.007464;0.003499;0.015920;0.007464;0.003499
0.015746;0.007380;0.003459;0.015746;0.007380;0.003459
0.014928;0.006994;0.003277;0.014928;0.006994;0.003277
0.006423;0.003009;0.001410;0.006423;0.003009;0.001410
0.003920;0.001836;0.000860;0.003920;0.001836;0.000860
0.002703;0.001265;0.000592;0.002703;0.001265;0.000592
0.003516;0.001646;0.000770;0.003516;0.001646;0.000770
0.007112;0.003327;0.001557;0.007112;0.003327;0.001557
0.010200;0.004771;0.002232;0.010200;0.004771;0.002232
0.009357;0.004376;0.002046;0.009357;0.004376;0.002046
0.009212;0.004306;0.002013;0.009212;0.004306;0.002013
0.011496;0.005373;0.002511;0.011496;0.005373;0.002511
0.009604;0.004487;0.002097;0.009604;0.004487;0.002097
0.006237;0.002914;0.001361;0.006237;0.002914;0.001361
0.005950;0.002778;0.001297;0.005950;0.002778;0.001297
0.009217;0.004303;0.002009;0.009217;0.004303;0.002009
0.008002;0.003735;0.001743;0.008002;0.003735;0.001743
0.002698;0.001259;0.000587;0.002698;0.001259;0.000587
0.003538;0.001650;0.000770;0.003538;0.001650;0.000770
0.004801;0.002239;0.001044;0.004801;0.002239;0.001044
0.005659;0.002638;0.001230;0.005659;0.002638;0.001230
0.016465;0.007674;0.003576;0.016465;0.007674;0.003576
0.019875;0.009260;0.004314;0.019875;0.009260;0.004314
0.026128;0.012170;0.005669;0.026128;0.012170;0.005669
0.022955;0.010689;0.004977;0.022955;0.010689;0.004977
0.016856;0.007847;0.003653;0.016856;0.007847;0.003653
0.012416;0.005778;0.002689;0.012416;0.005778;0.002689
0.011731;0.005458;0.002539;0.011731;0.005458;0.002539
0.012195;0.005672;0.002638;0.012195;0.005672;0.002638
0.010830;0.005036;0.002342;0.010830;0.005036;0.002342
0.013986;0.006502;0.003022;0.013986;0.006502;0.003022
0.019022;0.008840;0.004108;0.019022;0.008840;0.004108
0.023308;0.010829;0.005031;0.023308;0.010829;0.005031
0.025413;0.011804;0.005483;0.025413;0.011804;0.005483
0.024341;0.011303;0.005248;0.024341;0.011303;0.005248
0.021913;0.010173;0.004722;0.021913;0.010173;0.004722
0.021795;0.010115;0.004694;0.021795;0.010115;0.004694
0.021370;0.009915;0.004600;0.021370;0.009915;0.004600
0.016872;0.007826;0.003630;0.016872;0.007826;0.003630
0.015818;0.007335;0.003401;0.015818;0.007335;0.003401
0.018118;0.008399;0.003893;0.018118;0.008399;0.003893
0.016800;0.007786;0.003608;0.016800;0.007786;0.003608
0.018863;0.008739;0.004049;0.018863;0.008739;0.004049
0.022365;0.010359;0.004798;0.022365;0.010359;0.004798
0.017750;0.008219;0.003806;0.017750;0.008219;0.003806
0.016858;0.007804;0.003612;0.016858;0.007804;0.003612
0.021145;0.009786;0.004529;0.021145;0.009786;0.004529
0.022484;0.010403;0.004813;0.022484;0.010403;0.004813
0.017898;0.008278;0.003829;0.017898;0.008278;0.003829
0.016877;0.007804;0.003608;0.016877;0.007804;0.003608
0.017961;0.008303;0.003838;0.017961;0.008303;0.003838
0.013988;0.006465;0.002988;0.013988;0.006465;0.002988
0.012107;0.005594;0.002584;0.012107;0.005594;0.002584
0.017197;0.007943;0.003669;0.017197;0.007943;0.003669
0.021799;0.010066;0.004648;0.021799;0.010066;0.004648
0.019653;0.009072;0.004188;0.019653;0.009072;0.004188
0.013957;0.006441;0.002973;0.013957;0.006441;0.002973
0.013024;0.006009;0.002772;0.013024;0.006009;0.002772
0.015393;0.007100;0.003275;0.015393;0.007100;0.003275
0.016285;0.007509;0.003463;0.016285;0.007509;0.003463
0.015943;0.007350;0.003388;0.015943;0.007350;0.003388
0.014929;0.006880;0.003171;0.014929;0.006880;0.003171
0.016084;0.007410;0.003414;0.016084;0.007410;0.003414
0.020372;0.009383;0.004322;0.020372;0.009383;0.004322
0.018376;0.008462;0.003897;0.018376;0.008462;0.003897
0.011353;0.005226;0.002406;0.011353;0.005226;0.002406
0.013554;0.006238;0.002871;0.013554;0.006238;0.002871
0.016274;0.007488;0.003445;0.016274;0.007488;0.003445
0.012677;0.005831;0.002682;0.012677;0.005831;0.002682
0.011515;0.005295;0.002435;0.011515;0.005295;0.002435
0.008847;0.004067;0.001870;0.008847;0.004067;0.001870
0.009361;0.004302;0.001977;0.009361;0.004302;0.001977
0.012968;0.005958;0.002738;0.012968;0.005958;0.002738
0.008819;0.004051;0.001861;0.008819;0.004051;0.001861
0.003604;0.001655;0.000760;0.003604;0.001655;0.000760
0.006878;0.003158;0.001450;0.006878;0.003158;0.001450
0.008445;0.003876;0.001779;0.008445;0.003876;0.001779
0.002782;0.001277;0.000586;0.002782;0.001277;0.000586
0.001859;0.000853;0.000391;0.001859;0.000853;0.000391
0.005367;0.002461;0.001128;0.005367;0.002461;0.001128
0.003908;0.001792;0.000822;0.003908;0.001792;0.000822
0.004053;0.001857;0.000851;0.004053;0.001857;0.000851
0.008256;0.003783;0.001733;0.008256;0.003783;0.001733
0.015818;0.007245;0.003319;0.015818;0.007245;0.003319
0.019369;0.008870;0.004062;0.019369;0.008870;0.004062
0.018449;0.008446;0.003867;0.018449;0.008446;0.003867
0.017003;0.007782;0.003562;0.017003;0.007782;0.003562
0.015617;0.007146;0.003269;0.015617;0.007146;0.003269
0.015616;0.007143;0.003267;0.015616;0.007143;0.003267
0.015063;0.006888;0.003150;0.015063;0.006888;0.003150
0.013391;0.006122;0.002799;0.013391;0.006122;0.002799
0.014463;0.006610;0.003021;0.014463;0.006610;0.003021
0.011956;0.005463;0.002496;0.011956;0.005463;0.002496
0.005901;0.002696;0.001231;0.005901;0.002696;0.001231
0.002009;0.000918;0.000419;0.002009;0.000918;0.000419
0.005429;0.002478;0.001131;0.005429;0.002478;0.001131
0.008023;0.003662;0.001671;0.008023;0.003662;0.001671
0.016774;0.007654;0.003492;0.016774;0.007654;0.003492
0.018358;0.008374;0.003820;0.018358;0.008374;0.003820
0.020750;0.009463;0.004315;0.020750;0.009463;0.004315
0.015346;0.006997;0.003190;0.015346;0.006997;0.003190
0.009447;0.004306;0.001963;0.009447;0.004306;0.001963
0.012871;0.005865;0.002672;0.012871;0.005865;0.002672
0.018224;0.008301;0.003782;0.018224;0.008301;0.003782
0.013840;0.006303;0.002870;0.013840;0.006303;0.002870
0.015159;0.006901;0.003142;0.015159;0.006901;0.003142
0.016629;0.007569;0.003445;0.016629;0.007569;0.003445
0.010739;0.004887;0.002224;0.010739;0.004887;0.002224
0.009294;0.004228;0.001923;0.009294;0.004228;0.001923
0.008979;0.004084;0.001857;0.008979;0.004084;0.001857
0.009615;0.004372;0.001988;0.009615;0.004372;0.001988
0.016344;0.007429;0.003376;0.016344;0.007429;0.003376
0.023990;0.010901;0.004954;0.023990;0.010901;0.004954
0.022735;0.010329;0.004692;0.022735;0.010329;0.004692
0.015472;0.007027;0.003191;0.015472;0.007027;0.003191
0.012720;0.005776;0.002622;0.012720;0.005776;0.002622
0.008202;0.003723;0.001690;0.008202;0.003723;0.001690
0.006771;0.003073;0.001394;0.006771;0.003073;0.001394
0.005505;0.002498;0.001133;0.005505;0.002498;0.001133
0.007171;0.003252;0.001475;0.007171;0.003252;0.001475
0.017329;0.007857;0.003563;0.017329;0.007857;0.003563
0.021559;0.009773;0.004430;0.021559;0.009773;0.004430
0.012241;0.005547;0.002514;0.012241;0.005547;0.002514
0.005173;0.002344;0.001062;0.005173;0.002344;0.001062
0.016357;0.007409;0.003355;0.016357;0.007409;0.003355
0.023532;0.010655;0.004825;0.023532;0.010655;0.004825
0.020880;0.009452;0.004279;0.020880;0.009452;0.004279
0.018146;0.008212;0.003716;0.018146;0.008212;0.003716
0.018326;0.008291;0.003751;0.018326;0.008291;0.003751
0.022107;0.009999;0.004523;0.022107;0.009999;0.004523
0.017421;0.007877;0.003562;0.017421;0.007877;0.003562
0.010032;0.004535;0.002050;0.010032;0.004535;0.002050
0.011601;0.005243;0.002369;0.011601;0.005243;0.002369
0.011892;0.005373;0.002428;0.011892;0.005373;0.002428
0.006198;0.002800;0.001265;0.006198;0.002800;0.001265
0.005496;0.002482;0.001121;0.005496;0.002482;0.001121
0.006059;0.002735;0.001235;0.006059;0.002735;0.001235
0.006148;0.002774;0.001252;0.006148;0.002774;0.001252
0.008924;0.004026;0.001817;0.008924;0.004026;0.001817
0.011463;0.005170;0.002332;0.011463;0.005170;0.002332
0.014731;0.006643;0.002996;0.014731;0.006643;0.002996
0.012166;0.005485;0.002473;0.012166;0.005485;0.002473
0.007263;0.003274;0.001475;0.007263;0.003274;0.001475
0.004782;0.002155;0.000971;0.004782;0.002155;0.000971
0.007185;0.003236;0.001458;0.007185;0.003236;0.001458
0.013328;0.006002;0.002703;0.013328;0.006002;0.002703
0.007843;0.003531;0.001590;0.007843;0.003531;0.001590
0.007367;0.003316;0.001492;0.007367;0.003316;0.001492
0.015950;0.007177;0.003229;0.015950;0.007177;0.003229
0.025597;0.011515;0.005180;0.025597;0.011515;0.005180
0.023095;0.010386;0.004671;0.023095;0.010386;0.004671
0.007800;0.003507;0.001577;0.007800;0.003507;0.001577
0.016028;0.007204;0.003238;0.016028;0.007204;0.003238
0.006168;0.002772;0.001246;0.006168;0.002772;0.001246
0.006870;0.003086;0.001386;0.006870;0.003086;0.001386
0.009549;0.004289;0.001926;0.009549;0.004289;0.001926
0.015354;0.006894;0.003095;0.015354;0.006894;0.003095
0.020652;0.009270;0.004161;0.020652;0.009270;0.004161
0.018411;0.008262;0.003708;0.018411;0.008262;0.003708
0.011193;0.005022;0.002253;0.011193;0.005022;0.002253
0.007963;0.003572;0.001602;0.007963;0.003572;0.001602
0.008524;0.003822;0.001714;0.008524;0.003822;0.001714
0.007212;0.003233;0.001449;0.007212;0.003233;0.001449
0.006304;0.002825;0.001266;0.006304;0.002825;0.001266
0.008159;0.003655;0.001638;0.008159;0.003655;0.001638
0.010358;0.004639;0.002078;0.010358;0.004639;0.002078
0.011873;0.005316;0.002381;0.011873;0.005316;0.002381
0.010058;0.004503;0.002016;0.010058;0.004503;0.002016
0.009739;0.004358;0.001951;0.009739;0.004358;0.001951
0.005984;0.002677;0.001198;0.005984;0.002677;0.001198
0.008555;0.003827;0.001712;0.008555;0.003827;0.001712
0.011738;0.005249;0.002347;0.011738;0.005249;0.002347
0.007339;0.003281;0.001467;0.007339;0.003281;0.001467
0.006967;0.003114;0.001392;0.006967;0.003114;0.001392
0.005989;0.002676;0.001196;0.005989;0.002676;0.001196
0.001688;0.000754;0.000337;0.001688;0.000754;0.000337
0.008524;0.003807;0.001700;0.008524;0.003807;0.001700
0.008690;0.003880;0.001732;0.008690;0.003880;0.001732
0.005677;0.002534;0.001131;0.005677;0.002534;0.001131
0.009297;0.004148;0.001851;0.009297;0.004148;0.001851
0.007761;0.003462;0.001545;0.007761;0.003462;0.001545
0.002775;0.001238;0.000552;0.002775;0.001238;0.000552
0.002159;0.000963;0.000429;0.002159;0.000963;0.000429
0.002554;0.001138;0.000507;0.002554;0.001138;0.000507
0.002816;0.001255;0.000559;0.002816;0.001255;0.000559
0.005657;0.002520;0.001123;0.005657;0.002520;0.001123
0.008037;0.003579;0.001594;0.008037;0.003579;0.001594
0.006525;0.002905;0.001294;0.006525;0.002905;0.001294
0.004793;0.002133;0.000950;0.004793;0.002133;0.000950
0.006098;0.002714;0.001208;0.006098;0.002714;0.001208
0.007977;0.003549;0.001579;0.007977;0.003549;0.001579
0.008210;0.003651;0.001624;0.008210;0.003651;0.001624
0.006067;0.002698;0.001200;0.006067;0.002698;0.001200
0.002631;0.001170;0.000520;0.002631;0.001170;0.000520
0.003718;0.001652;0.000734;0.003718;0.001652;0.000734
0.005709;0.002537;0.001127;0.005709;0.002537;0.001127
0.005577;0.002477;0.001100;0.005577;0.002477;0.001100
0.007532;0.003345;0.001485;0.007532;0.003345;0.001485
0.008485;0.003767;0.001672;0.008485;0.003767;0.001672
0.005951;0.002641;0.001172;0.005951;0.002641;0.001172
0.006986;0.003100;0.001375;0.006986;0.003100;0.001375
0.009508;0.004217;0.001871;0.009508;0.004217;0.001871
0.005981;0.002653;0.001176;0.005981;0.002653;0.001176
0.007858;0.003484;0.001544;0.007858;0.003484;0.001544
0.010631;0.004712;0.002088;0.010631;0.004712;0.002088
0.008305;0.003680;0.001631;0.008305;0.003680;0.001631
0.005796;0.002568;0.001137;0.005796;0.002568;0.001137
0.005785;0.002562;0.001135;0.005785;0.002562;0.001135
0.005114;0.002264;0.001003;0.005114;0.002264;0.001003
0.002275;0.001007;0.000446;0.002275;0.001007;0.000446
0.002667;0.001180;0.000522;0.002667;0.001180;0.000522
0.005858;0.002591;0.001146;0.005858;0.002591;0.001146
0.007798;0.003449;0.001525;0.007798;0.003449;0.001525
0.007126;0.003151;0.001393;0.007126;0.003151;0.001393
0.004132;0.001827;0.000807;0.004132;0.001827;0.000807
0.002019;0.000892;0.000394;0.002019;0.000892;0.000394
0.002408;0.001064;0.000470;0.002408;0.001064;0.000470
0.001582;0.000699;0.000309;0.001582;0.000699;0.000309
0.000927;0.000409;0.000181;0.000927;0.000409;0.000181
0.002855;0.001261;0.000556;0.002855;0.001261;0.000556
0.004194;0.001851;0.000817;0.004194;0.001851;0.000817
0.006312;0.002785;0.001229;0.006312;0.002785;0.001229
0.005753;0.002538;0.001119;0.005753;0.002538;0.001119
0.005033;0.002220;0.000979;0.005033;0.002220;0.000979
0.007752;0.003418;0.001507;0.007752;0.003418;0.001507
0.005592;0.002465;0.001086;0.005592;0.002465;0.001086
0.006051;0.002666;0.001175;0.006051;0.002666;0.001175
0.006823;0.003006;0.001324;0.006823;0.003006;0.001324
0.007435;0.003274;0.001442;0.007435;0.003274;0.001442
0.011787;0.005189;0.002285;0.011787;0.005189;0.002285
0.007619;0.003354;0.001476;0.007619;0.003354;0.001476
0.004283;0.001885;0.000829;0.004283;0.001885;0.000829
0.005225;0.002299;0.001011;0.005225;0.002299;0.001011
0.004131;0.001817;0.000799;0.004131;0.001817;0.000799
0.001929;0.000848;0.000373;0.001929;0.000848;0.000373
0.004354;0.001914;0.000841;0.004354;0.001914;0.000841
0.011312;0.004971;0.002184;0.011312;0.004971;0.002184
0.013928;0.006119;0.002689;0.013928;0.006119;0.002689
0.011520;0.005060;0.002223;0.011520;0.005060;0.002223
0.008185;0.003595;0.001578;0.008185;0.003595;0.001578
0.004780;0.002099;0.000921;0.004780;0.002099;0.000921
0.003197;0.001403;0.000616;0.003197;0.001403;0.000616
0.003384;0.001485;0.000651;0.003384;0.001485;0.000651
0.005462;0.002396;0.001051;0.005462;0.002396;0.001051
0.010011;0.004390;0.001925;0.010011;0.004390;0.001925
0.012943;0.005674;0.002488;0.012943;0.005674;0.002488
0.010203;0.004472;0.001960;0.010203;0.004472;0.001960
0.007158;0.003137;0.001374;0.007158;0.003137;0.001374
0.006170;0.002703;0.001184;0.006170;0.002703;0.001184
0.006219;0.002724;0.001193;0.006219;0.002724;0.001193
0.002715;0.001189;0.000521;0.002715;0.001189;0.000521
0.003807;0.001666;0.000729;0.003807;0.001666;0.000729
0.009411;0.004118;0.001802;0.009411;0.004118;0.001802
0.004970;0.002174;0.000951;0.004970;0.002174;0.000951
0.005429;0.002374;0.001039;0.005429;0.002374;0.001039
0.007973;0.003486;0.001524;0.007973;0.003486;0.001524
0.007056;0.003084;0.001348;0.007056;0.003084;0.001348
0.004189;0.001831;0.000800;0.004189;0.001831;0.000800
0.002401;0.001049;0.000458;0.002401;0.001049;0.000458
0.002292;0.001001;0.000437;0.002292;0.001001;0.000437
0.006245;0.002727;0.001191;0.006245;0.002727;0.001191
0.007844;0.003425;0.001495;0.007844;0.003425;0.001495
0.008826;0.003852;0.001681;0.008826;0.003852;0.001681
0.009642;0.004207;0.001836;0.009642;0.004207;0.001836
0.009441;0.004118;0.001796;0.009441;0.004118;0.001796
0.007341;0.003202;0.001396;0.007341;0.003202;0.001396
0.005157;0.002248;0.000980;0.005157;0.002248;0.000980
0.007037;0.003067;0.001337;0.007037;0.003067;0.001337
0.007372;0.003212;0.001400;0.007372;0.003212;0.001400
0.009302;0.004052;0.001765;0.009302;0.004052;0.001765
0.012563;0.005471;0.002383;0.012563;0.005471;0.002383
0.015329;0.006674;0.002906;0.015329;0.006674;0.002906
0.014039;0.006111;0.002660;0.014039;0.006111;0.002660
0.008011;0.003486;0.001517;0.008011;0.003486;0.001517
0.007691;0.003346;0.001456;0.007691;0.003346;0.001456
0.006620;0.002879;0.001252;0.006620;0.002879;0.001252
0.006891;0.002996;0.001303;0.006891;0.002996;0.001303
0.012483;0.005427;0.002359;0.012483;0.005427;0.002359
0.017681;0.007684;0.003340;0.017681;0.007684;0.003340
0.013880;0.006031;0.002620;0.013880;0.006031;0.002620
0.007535;0.003273;0.001422;0.007535;0.003273;0.001422
0.007325;0.003181;0.001381;0.007325;0.003181;0.001381
0.004835;0.002099;0.000912;0.004835;0.002099;0.000912
0.011289;0.004900;0.002127;0.011289;0.004900;0.002127
0.015103;0.006554;0.002844;0.015103;0.006554;0.002844
0.012942;0.005615;0.002436;0.012942;0.005615;0.002436
0.010498;0.004553;0.001975;0.010498;0.004553;0.001975
0.007778;0.003373;0.001462;0.007778;0.003373;0.001462
0.005444;0.002360;0.001023;0.005444;0.002360;0.001023
0.006237;0.002703;0.001171;0.006237;0.002703;0.001171
0.007982;0.003458;0.001498;0.007982;0.003458;0.001498
0.011160;0.004834;0.002094;0.011160;0.004834;0.002094
0.016820;0.007283;0.003154;0.016820;0.007283;0.003154
0.015276;0.006614;0.002863;0.015276;0.006614;0.002863
0.007085;0.003066;0.001327;0.007085;0.003066;0.001327
0.006042;0.002614;0.001131;0.006042;0.002614;0.001131
0.005897;0.002551;0.001103;0.005897;0.002551;0.001103
0.008292;0.003586;0.001551;0.008292;0.003586;0.001551
0.010274;0.004442;0.001921;0.010274;0.004442;0.001921
0.010301;0.004453;0.001925;0.010301;0.004453;0.001925
0.007518;0.003249;0.001404;0.007518;0.003249;0.001404
0.003504;0.001514;0.000654;0.003504;0.001514;0.000654
0.004251;0.001836;0.000793;0.004251;0.001836;0.000793
0.012006;0.005184;0.002238;0.012006;0.005184;0.002238
0.012259;0.005292;0.002284;0.012259;0.005292;0.002284
0.005273;0.002276;0.000982;0.005273;0.002276;0.000982
0.005427;0.002342;0.001010;0.005427;0.002342;0.001010
0.004379;0.001889;0.000815;0.004379;0.001889;0.000815
0.002205;0.000951;0.000410;0.002205;0.000951;0.000410
0.003060;0.001319;0.000569;0.003060;0.001319;0.000569
0.005388;0.002322;0.001001;0.005388;0.002322;0.001001
0.008062;0.003474;0.001497;0.008062;0.003474;0.001497
0.010129;0.004363;0.001880;0.010129;0.004363;0.001880
0.007098;0.003057;0.001317;0.007098;0.003057;0.001317
0.003041;0.001309;0.000564;0.003041;0.001309;0.000564
0.003308;0.001424;0.000613;0.003308;0.001424;0.000613
0.003962;0.001705;0.000734;0.003962;0.001705;0.000734
0.003008;0.001294;0.000557;0.003008;0.001294;0.000557
0.002227;0.000958;0.000412;0.002227;0.000958;0.000412
0.002021;0.000869;0.000374;0.002021;0.000869;0.000374
0.005372;0.002309;0.000993;0.005372;0.002309;0.000993
0.006700;0.002880;0.001238;0.006700;0.002880;0.001238
0.005781;0.002484;0.001067;0.005781;0.002484;0.001067
0.004775;0.002051;0.000881;0.004775;0.002051;0.000881
0.006998;0.003005;0.001291;0.006998;0.003005;0.001291
0.009539;0.004096;0.001758;0.009539;0.004096;0.001758
0.007591;0.003258;0.001398;0.007591;0.003258;0.001398
0.009881;0.004240;0.001819;0.009881;0.004240;0.001819
0.017453;0.007487;0.003212;0.017453;0.007487;0.003212
0.016622;0.007129;0.003058;0.016622;0.007129;0.003058
0.021016;0.009011;0.003864;0.021016;0.009011;0.003864
0.020613;0.008836;0.003788;0.020613;0.008836;0.003788
0.009154;0.003923;0.001681;0.009154;0.003923;0.001681
0.011367;0.004870;0.002086;0.011367;0.004870;0.002086
0.015417;0.006604;0.002828;0.015417;0.006604;0.002828
0.012519;0.005361;0.002296;0.012519;0.005361;0.002296
0.013636;0.005838;0.002499;0.013636;0.005838;0.002499
0.017161;0.007345;0.003144;0.017161;0.007345;0.003144
0.019555;0.008367;0.003580;0.019555;0.008367;0.003580
0.019039;0.008145;0.003484;0.019039;0.008145;0.003484
0.016355;0.006995;0.002991;0.016355;0.006995;0.002991
0.015414;0.006590;0.002818;0.015414;0.006590;0.002818
0.015228;0.006509;0.002782;0.015228;0.006509;0.002782
0.013403;0.005728;0.002448;0.013403;0.005728;0.002448
0.011204;0.004787;0.002045;0.011204;0.004787;0.002045
0.009634;0.004115;0.001757;0.009634;0.004115;0.001757
0.011977;0.005114;0.002184;0.011977;0.005114;0.002184
0.011650;0.004973;0.002123;0.011650;0.004973;0.002123
0.013844;0.005909;0.002522;0.013844;0.005909;0.002522
0.014336;0.006117;0.002610;0.014336;0.006117;0.002610
0.013462;0.005743;0.002450;0.013462;0.005743;0.002450
0.010786;0.004600;0.001962;0.010786;0.004600;0.001962
0.010129;0.004318;0.001841;0.010129;0.004318;0.001841
0.017477;0.007449;0.003175;0.017477;0.007449;0.003175
0.017561;0.007483;0.003189;0.017561;0.007483;0.003189
0.014919;0.006356;0.002708;0.014919;0.006356;0.002708
0.013810;0.005882;0.002505;0.013810;0.005882;0.002505
0.013669;0.005820;0.002478;0.013669;0.005820;0.002478
0.014802;0.006301;0.002682;0.014802;0.006301;0.002682
0.011393;0.004849;0.002064;0.011393;0.004849;0.002064
0.011372;0.004838;0.002058;0.011372;0.004838;0.002058
0.011085;0.004715;0.002006;0.011085;0.004715;0.002006
0.009699;0.004124;0.001754;0.009699;0.004124;0.001754
0.007866;0.003344;0.001422;0.007866;0.003344;0.001422
0.006109;0.002597;0.001104;0.006109;0.002597;0.001104
0.003944;0.001676;0.000712;0.003944;0.001676;0.000712
0.003973;0.001688;0.000717;0.003973;0.001688;0.000717
0.009280;0.003941;0.001674;0.009280;0.003941;0.001674
0.013859;0.005885;0.002499;0.013859;0.005885;0.002499
0.012551;0.005328;0.002262;0.012551;0.005328;0.002262
0.012908;0.005478;0.002325;0.012908;0.005478;0.002325
0.015794;0.006701;0.002843;0.015794;0.006701;0.002843
0.009845;0.004176;0.001771;0.009845;0.004176;0.001771
0.004967;0.002106;0.000893;0.004967;0.002106;0.000893
0.007965;0.003377;0.001431;0.007965;0.003377;0.001431
0.011953;0.005066;0.002147;0.011953;0.005066;0.002147
0.007999;0.003389;0.001436;0.007999;0.003389;0.001436
0.005777;0.002447;0.001037;0.005777;0.002447;0.001037
0.003952;0.001674;0.000709;0.003952;0.001674;0.000709
0.005970;0.002528;0.001070;0.005970;0.002528;0.001070
0.009226;0.003905;0.001653;0.009226;0.003905;0.001653
0.006252;0.002646;0.001120;0.006252;0.002646;0.001120
0.008078;0.003417;0.001446;0.008078;0.003417;0.001446
0.007674;0.003246;0.001373;0.007674;0.003246;0.001373
0.004752;0.002010;0.000850;0.004752;0.002010;0.000850
0.006465;0.002733;0.001155;0.006465;0.002733;0.001155
0.004742;0.002004;0.000847;0.004742;0.002004;0.000847
0.008613;0.003639;0.001537;0.008613;0.003639;0.001537
0.010947;0.004624;0.001954;0.010947;0.004624;0.001954
0.007951;0.003358;0.001418;0.007951;0.003358;0.001418
0.007573;0.003197;0.001350;0.007573;0.003197;0.001350
0.010378;0.004381;0.001849;0.010378;0.004381;0.001849
0.012761;0.005385;0.002272;0.012761;0.005385;0.002272
0.012544;0.005292;0.002233;0.012544;0.005292;0.002233
0.007927;0.003344;0.001410;0.007927;0.003344;0.001410
0.003362;0.001418;0.000598;0.003362;0.001418;0.000598
0.003104;0.001308;0.000552;0.003104;0.001308;0.000552
0.004854;0.002046;0.000862;0.004854;0.002046;0.000862
0.004890;0.002060;0.000868;0.004890;0.002060;0.000868
0.003218;0.001355;0.000571;0.003218;0.001355;0.000571
0.003855;0.001624;0.000684;0.003855;0.001624;0.000684
0.004736;0.001994;0.000839;0.004736;0.001994;0.000839
0.012886;0.005424;0.002283;0.012886;0.005424;0.002283
0.012446;0.005238;0.002204;0.012446;0.005238;0.002204
0.010228;0.004303;0.001810;0.010228;0.004303;0.001810
0.011737;0.004937;0.002076;0.011737;0.004937;0.002076
0.012373;0.005203;0.002188;0.012373;0.005203;0.002188
0.010348;0.004350;0.001829;0.010348;0.004350;0.001829
0.010854;0.004562;0.001917;0.010854;0.004562;0.001917
0.017198;0.007226;0.003036;0.017198;0.007226;0.003036
0.021489;0.009027;0.003792;0.021489;0.009027;0.003792
0.022652;0.009513;0.003995;0.022652;0.009513;0.003995
0.021498;0.009026;0.003790;0.021498;0.009026;0.003790
0.020002;0.008396;0.003524;0.020002;0.008396;0.003524
0.019057;0.007997;0.003356;0.019057;0.007997;0.003356
0.015687;0.006581;0.002761;0.015687;0.006581;0.002761
0.017658;0.007406;0.003106;0.017658;0.007406;0.003106
0.022150;0.009288;0.003895;0.022150;0.009288;0.003895
0.019381;0.008125;0.003406;0.019381;0.008125;0.003406
0.016595;0.006955;0.002915;0.016595;0.006955;0.002915
0.017202;0.007208;0.003020;0.017202;0.007208;0.003020
0.018870;0.007905;0.003311;0.018870;0.007905;0.003311
0.023661;0.009909;0.004150;0.023661;0.009909;0.004150
0.021810;0.009132;0.003824;0.021810;0.009132;0.003824
0.017781;0.007443;0.003116;0.017781;0.007443;0.003116
0.017807;0.007452;0.003119;0.017807;0.007452;0.003119
0.012736;0.005328;0.002229;0.012736;0.005328;0.002229
0.010381;0.004342;0.001816;0.010381;0.004342;0.001816
0.013457;0.005627;0.002353;0.013457;0.005627;0.002353
0.015668;0.006550;0.002738;0.015668;0.006550;0.002738
0.011122;0.004648;0.001943;0.011122;0.004648;0.001943
0.008177;0.003417;0.001428;0.008177;0.003417;0.001428
0.002549;0.001065;0.000445;0.002549;0.001065;0.000445
0.007576;0.003164;0.001321;0.007576;0.003164;0.001321
0.013303;0.005554;0.002319;0.013303;0.005554;0.002319
0.009641;0.004024;0.001680;0.009641;0.004024;0.001680
0.005164;0.002155;0.000899;0.005164;0.002155;0.000899
0.001732;0.000723;0.000302;0.001732;0.000723;0.000302
0.002482;0.001035;0.000432;0.002482;0.001035;0.000432
0.002740;0.001143;0.000477;0.002740;0.001143;0.000477
0.003500;0.001459;0.000608;0.003500;0.001459;0.000608
0.007106;0.002961;0.001234;0.007106;0.002961;0.001234
0.008880;0.003700;0.001542;0.008880;0.003700;0.001542
0.009162;0.003817;0.001590;0.009162;0.003817;0.001590
0.007684;0.003201;0.001333;0.007684;0.003201;0.001333
0.004099;0.001707;0.000711;0.004099;0.001707;0.000711
0.005885;0.002450;0.001020;0.005885;0.002450;0.001020
0.007661;0.003188;0.001327;0.007661;0.003188;0.001327
0.011793;0.004907;0.002041;0.011793;0.004907;0.002041
0.015865;0.006599;0.002745;0.015865;0.006599;0.002745
0.014982;0.006231;0.002591;0.014982;0.006231;0.002591
0.013932;0.005792;0.002408;0.013932;0.005792;0.002408
0.007498;0.003116;0.001295;0.007498;0.003116;0.001295
0.010207;0.004241;0.001762;0.010207;0.004241;0.001762
0.009599;0.003988;0.001657;0.009599;0.003988;0.001657
0.011456;0.004758;0.001976;0.011456;0.004758;0.001976
0.015814;0.006567;0.002727;0.015814;0.006567;0.002727
0.011298;0.004690;0.001947;0.011298;0.004690;0.001947
0.006820;0.002831;0.001175;0.006820;0.002831;0.001175
0.006527;0.002708;0.001124;0.006527;0.002708;0.001124
0.007145;0.002964;0.001229;0.007145;0.002964;0.001229
0.003516;0.001458;0.000605;0.003516;0.001458;0.000605
0.003194;0.001324;0.000549;0.003194;0.001324;0.000549
0.006846;0.002838;0.001176;0.006846;0.002838;0.001176
0.005624;0.002331;0.000966;0.005624;0.002331;0.000966
0.002873;0.001190;0.000493;0.002873;0.001190;0.000493
0.004636;0.001920;0.000795;0.004636;0.001920;0.000795
0.008178;0.003387;0.001402;0.008178;0.003387;0.001402
0.009322;0.003859;0.001598;0.009322;0.003859;0.001598
0.009658;0.003997;0.001654;0.009658;0.003997;0.001654
0.011601;0.004800;0.001986;0.011601;0.004800;0.001986
0.013037;0.005393;0.002231;0.013037;0.005393;0.002231
0.010761;0.004451;0.001841;0.010761;0.004451;0.001841
0.005580;0.002307;0.000954;0.005580;0.002307;0.000954
0.007450;0.003080;0.001273;0.007450;0.003080;0.001273
0.013953;0.005766;0.002383;0.013953;0.005766;0.002383
0.014271;0.005896;0.002436;0.014271;0.005896;0.002436
0.012816;0.005294;0.002187;0.012816;0.005294;0.002187
0.007264;0.003000;0.001239;0.007264;0.003000;0.001239
0.008324;0.003436;0.001419;0.008324;0.003436;0.001419
0.010248;0.004230;0.001746;0.010248;0.004230;0.001746
0.006788;0.002801;0.001156;0.006788;0.002801;0.001156
0.012142;0.005009;0.002066;0.012142;0.005009;0.002066
0.010615;0.004378;0.001806;0.010615;0.004378;0.001806
0.011723;0.004834;0.001993;0.011723;0.004834;0.001993
0.007452;0.003072;0.001267;0.007452;0.003072;0.001267
0.003524;0.001453;0.000599;0.003524;0.001453;0.000599
0.006757;0.002784;0.001147;0.006757;0.002784;0.001147
0.011797;0.004859;0.002002;0.011797;0.004859;0.002002
0.010931;0.004502;0.001854;0.010931;0.004502;0.001854
0.007392;0.003043;0.001253;0.007392;0.003043;0.001253
0.005630;0.002318;0.000954;0.005630;0.002318;0.000954
0.006650;0.002737;0.001126;0.006650;0.002737;0.001126
0.009957;0.004096;0.001685;0.009957;0.004096;0.001685
0.011142;0.004583;0.001885;0.011142;0.004583;0.001885
0.009271;0.003813;0.001568;0.009271;0.003813;0.001568
0.009355;0.003846;0.001581;0.009355;0.003846;0.001581
0.008990;0.003695;0.001519;0.008990;0.003695;0.001519
0.005014;0.002060;0.000847;0.005014;0.002060;0.000847
0.005431;0.002231;0.000916;0.005431;0.002231;0.000916
0.013353;0.005484;0.002252;0.013353;0.005484;0.002252
0.012996;0.005336;0.002191;0.012996;0.005336;0.002191
0.002571;0.001055;0.000433;0.002571;0.001055;0.000433
0.000702;0.000288;0.000118;0.000702;0.000288;0.000118
0.002828;0.001160;0.000476;0.002828;0.001160;0.000476
0.004639;0.001903;0.000780;0.004639;0.001903;0.000780
0.005072;0.002080;0.000853;0.005072;0.002080;0.000853
0.008470;0.003473;0.001424;0.008470;0.003473;0.001424
0.009272;0.003800;0.001558;0.009272;0.003800;0.001558
0.004971;0.002037;0.000835;0.004971;0.002037;0.000835
0.007079;0.002900;0.001188;0.007079;0.002900;0.001188
0.010004;0.004097;0.001678;0.010004;0.004097;0.001678
0.010902;0.004464;0.001828;0.010902;0.004464;0.001828
0.009662;0.003955;0.001619;0.009662;0.003955;0.001619
0.005607;0.002295;0.000939;0.005607;0.002295;0.000939
0.005915;0.002420;0.000990;0.005915;0.002420;0.000990
0.008767;0.003586;0.001467;0.008767;0.003586;0.001467
0.010129;0.004142;0.001694;0.010129;0.004142;0.001694
0.009080;0.003713;0.001518;0.009080;0.003713;0.001518
0.005899;0.002411;0.000986;0.005899;0.002411;0.000986
0.004746;0.001940;0.000793;0.004746;0.001940;0.000793
0.005573;0.002277;0.000930;0.005573;0.002277;0.000930
0.004539;0.001854;0.000757;0.004539;0.001854;0.000757
0.005849;0.002388;0.000975;0.005849;0.002388;0.000975
0.007508;0.003065;0.001251;0.007508;0.003065;0.001251
0.007855;0.003206;0.001309;0.007855;0.003206;0.001309
0.011713;0.004780;0.001950;0.011713;0.004780;0.001950
0.008392;0.003424;0.001397;0.008392;0.003424;0.001397
0.004619;0.001884;0.000768;0.004619;0.001884;0.000768
0.004317;0.001760;0.000718;0.004317;0.001760;0.000718
0.015706;0.006403;0.002610;0.015706;0.006403;0.002610
0.016532;0.006738;0.002746;0.016532;0.006738;0.002746
0.013875;0.005654;0.002304;0.013875;0.005654;0.002304
0.012575;0.005123;0.002087;0.012575;0.005123;0.002087
0.012840;0.005229;0.002130;0.012840;0.005229;0.002130
0.016931;0.006894;0.002807;0.016931;0.006894;0.002807
0.013886;0.005653;0.002301;0.013886;0.005653;0.002301
0.013749;0.005595;0.002277;0.013749;0.005595;0.002277
0.016117;0.006558;0.002668;0.016117;0.006558;0.002668
0.014784;0.006014;0.002446;0.014784;0.006014;0.002446
0.012500;0.005083;0.002067;0.012500;0.005083;0.002067
0.010542;0.004286;0.001743;0.010542;0.004286;0.001743
0.010136;0.004120;0.001675;0.010136;0.004120;0.001675
0.011540;0.004690;0.001906;0.011540;0.004690;0.001906
0.010340;0.004201;0.001707;0.010340;0.004201;0.001707
0.007579;0.003078;0.001250;0.007579;0.003078;0.001250
0.009758;0.003962;0.001609;0.009758;0.003962;0.001609
0.013266;0.005385;0.002186;0.013266;0.005385;0.002186
0.012082;0.004904;0.001990;0.012082;0.004904;0.001990
0.011734;0.004761;0.001932;0.011734;0.004761;0.001932
0.012262;0.004974;0.002018;0.012262;0.004974;0.002018
0.013196;0.005352;0.002171;0.013196;0.005352;0.002171
0.014067;0.005704;0.002313;0.014067;0.005704;0.002313
0.008776;0.003558;0.001442;0.008776;0.003558;0.001442
0.007880;0.003194;0.001294;0.007880;0.003194;0.001294
0.005125;0.002077;0.000841;0.005125;0.002077;0.000841
0.011225;0.004547;0.001842;0.011225;0.004547;0.001842
0.012243;0.004958;0.002008;0.012243;0.004958;0.002008
0.009754;0.003949;0.001599;0.009754;0.003949;0.001599
0.006874;0.002783;0.001126;0.006874;0.002783;0.001126
0.008080;0.003270;0.001323;0.008080;0.003270;0.001323
0.008869;0.003588;0.001452;0.008869;0.003588;0.001452
0.006409;0.002593;0.001049;0.006409;0.002593;0.001049
0.004482;0.001813;0.000733;0.004482;0.001813;0.000733
0.004997;0.002020;0.000817;0.004997;0.002020;0.000817
0.003076;0.001243;0.000503;0.003076;0.001243;0.000503
0.002474;0.001000;0.000404;0.002474;0.001000;0.000404
0.005822;0.002352;0.000950;0.005822;0.002352;0.000950
0.008543;0.003450;0.001394;0.008543;0.003450;0.001394
0.008075;0.003261;0.001317;0.008075;0.003261;0.001317
0.007637;0.003083;0.001245;0.007637;0.003083;0.001245
0.008450;0.003410;0.001376;0.008450;0.003410;0.001376
0.009348;0.003772;0.001522;0.009348;0.003772;0.001522
0.010255;0.004137;0.001669;0.010255;0.004137;0.001669
0.008501;0.003429;0.001383;0.008501;0.003429;0.001383
0.007033;0.002836;0.001143;0.007033;0.002836;0.001143
0.011246;0.004533;0.001827;0.011246;0.004533;0.001827
0.013702;0.005522;0.002226;0.013702;0.005522;0.002226
0.006041;0.002434;0.000980;0.006041;0.002434;0.000980
0.019674;0.007925;0.003192;0.019674;0.007925;0.003192
0.016365;0.006591;0.002654;0.016365;0.006591;0.002654
0.010097;0.004065;0.001637;0.010097;0.004065;0.001637
0.009778;0.003936;0.001584;0.009778;0.003936;0.001584
0.018186;0.007318;0.002945;0.018186;0.007318;0.002945
0.017905;0.007204;0.002898;0.017905;0.007204;0.002898
0.006857;0.002758;0.001110;0.006857;0.002758;0.001110
0.005698;0.002291;0.000921;0.005698;0.002291;0.000921
0.014547;0.005848;0.002351;0.014547;0.005848;0.002351
0.020386;0.008194;0.003293;0.020386;0.008194;0.003293
0.016700;0.006711;0.002697;0.016700;0.006711;0.002697
0.014827;0.005957;0.002393;0.014827;0.005957;0.002393
0.014260;0.005727;0.002300;0.014260;0.005727;0.002300
0.008320;0.003341;0.001342;0.008320;0.003341;0.001342
0.005912;0.002373;0.000953;0.005912;0.002373;0.000953
0.007879;0.003162;0.001269;0.007879;0.003162;0.001269
0.010338;0.004148;0.001664;0.010338;0.004148;0.001664
0.013533;0.005429;0.002178;0.013533;0.005429;0.002178
0.017450;0.006998;0.002807;0.017450;0.006998;0.002807
0.017521;0.007025;0.002817;0.017521;0.007025;0.002817
0.009000;0.003608;0.001446;0.009000;0.003608;0.001446
0.007785;0.003120;0.001250;0.007785;0.003120;0.001250
0.008663;0.003471;0.001391;0.008663;0.003471;0.001391
0.014157;0.005671;0.002272;0.014157;0.005671;0.002272
0.013023;0.005216;0.002089;0.013023;0.005216;0.002089
0.012375;0.004955;0.001984;0.012375;0.004955;0.001984
0.020697;0.008285;0.003316;0.020697;0.008285;0.003316
0.020491;0.008200;0.003282;0.020491;0.008200;0.003282
0.019387;0.007757;0.003103;0.019387;0.007757;0.003103
0.015712;0.006285;0.002514;0.015712;0.006285;0.002514
0.019638;0.007853;0.003140;0.019638;0.007853;0.003140
0.013167;0.005264;0.002105;0.013167;0.005264;0.002105
0.012812;0.005121;0.002047;0.012812;0.005121;0.002047
0.013548;0.005414;0.002163;0.013548;0.005414;0.002163
0.007876;0.003147;0.001257;0.007876;0.003147;0.001257
0.012449;0.004972;0.001986;0.012449;0.004972;0.001986
0.015804;0.006311;0.002520;0.015804;0.006311;0.002520
0.015597;0.006227;0.002486;0.015597;0.006227;0.002486
0.013617;0.005435;0.002169;0.013617;0.005435;0.002169
0.012863;0.005133;0.002048;0.012863;0.005133;0.002048
0.011371;0.004536;0.001810;0.011371;0.004536;0.001810
0.011430;0.004559;0.001818;0.011430;0.004559;0.001818
0.011167;0.004453;0.001776;0.011167;0.004453;0.001776
0.011868;0.004731;0.001886;0.011868;0.004731;0.001886
0.026091;0.010398;0.004144;0.026091;0.010398;0.004144
0.043049;0.017153;0.006835;0.043049;0.017153;0.006835
0.043086;0.017164;0.006837;0.043086;0.017164;0.006837
0.037556;0.014957;0.005957;0.037556;0.014957;0.005957
0.036024;0.014344;0.005711;0.036024;0.014344;0.005711
0.030618;0.012188;0.004852;0.030618;0.012188;0.004852
0.040898;0.016276;0.006478;0.040898;0.016276;0.006478
0.042542;0.016927;0.006735;0.042542;0.016927;0.006735
0.032111;0.012773;0.005081;0.032111;0.012773;0.005081
0.026383;0.010492;0.004173;0.026383;0.010492;0.004173
0.025778;0.010249;0.004075;0.025778;0.010249;0.004075
0.021316;0.008473;0.003368;0.021316;0.008473;0.003368
0.014966;0.005948;0.002364;0.014966;0.005948;0.002364
0.009845;0.003911;0.001554;0.009845;0.003911;0.001554
0.012141;0.004822;0.001916;0.012141;0.004822;0.001916
0.021716;0.008624;0.003425;0.021716;0.008624;0.003425
0.027459;0.010902;0.004328;0.027459;0.010902;0.004328
0.025154;0.009984;0.003963;0.025154;0.009984;0.003963
0.031819;0.012627;0.005010;0.031819;0.012627;0.005010
0.038968;0.015460;0.006134;0.038968;0.015460;0.006134
0.032855;0.013032;0.005169;0.032855;0.013032;0.005169
0.030307;0.012018;0.004766;0.030307;0.012018;0.004766
0.037578;0.014898;0.005906;0.037578;0.014898;0.005906
0.047224;0.018717;0.007419;0.047224;0.018717;0.007419
0.045413;0.017996;0.007131;0.045413;0.017996;0.007131
0.032143;0.012734;0.005045;0.032143;0.012734;0.005045
0.030355;0.012023;0.004762;0.030355;0.012023;0.004762
0.029745;0.011779;0.004664;0.029745;0.011779;0.004664
0.019436;0.007694;0.003046;0.019436;0.007694;0.003046
0.015939;0.006308;0.002497;0.015939;0.006308;0.002497
0.023214;0.009186;0.003635;0.023214;0.009186;0.003635
0.026807;0.010605;0.004195;0.026807;0.010605;0.004195
0.019101;0.007554;0.002988;0.019101;0.007554;0.002988
0.024544;0.009705;0.003837;0.024544;0.009705;0.003837
0.037568;0.014851;0.005871;0.037568;0.014851;0.005871
0.030286;0.011970;0.004731;0.030286;0.011970;0.004731
0.020187;0.007976;0.003152;0.020187;0.007976;0.003152
0.016386;0.006473;0.002557;0.016386;0.006473;0.002557
0.026286;0.010381;0.004100;0.026286;0.010381;0.004100
0.014357;0.005669;0.002238;0.014357;0.005669;0.002238
0.012779;0.005044;0.001991;0.012779;0.005044;0.001991
0.010009;0.003950;0.001559;0.010009;0.003950;0.001559
0.013473;0.005316;0.002097;0.013473;0.005316;0.002097
0.008814;0.003477;0.001372;0.008814;0.003477;0.001372
0.012179;0.004803;0.001894;0.012179;0.004803;0.001894
0.008981;0.003541;0.001396;0.008981;0.003541;0.001396
0.008462;0.003336;0.001315;0.008462;0.003336;0.001315
0.009248;0.003645;0.001436;0.009248;0.003645;0.001436
0.011405;0.004493;0.001770;0.011405;0.004493;0.001770
0.013327;0.005250;0.002068;0.013327;0.005250;0.002068
0.008200;0.003229;0.001272;0.008200;0.003229;0.001272
0.010278;0.004046;0.001593;0.010278;0.004046;0.001593
0.015334;0.006036;0.002376;0.015334;0.006036;0.002376
0.017325;0.006818;0.002683;0.017325;0.006818;0.002683
0.022414;0.008819;0.003470;0.022414;0.008819;0.003470
0.012162;0.004784;0.001882;0.012162;0.004784;0.001882
0.010311;0.004055;0.001594;0.010311;0.004055;0.001594
0.025262;0.009932;0.003905;0.025262;0.009932;0.003905
0.011661;0.004583;0.001802;0.011661;0.004583;0.001802
0.011158;0.004385;0.001723;0.011158;0.004385;0.001723
0.012233;0.004806;0.001888;0.012233;0.004806;0.001888
0.022585;0.008871;0.003484;0.022585;0.008871;0.003484
0.029406;0.011547;0.004535;0.029406;0.011547;0.004535
0.015905;0.006244;0.002452;0.015905;0.006244;0.002452
0.038467;0.015098;0.005926;0.038467;0.015098;0.005926
0.039945;0.015675;0.006151;0.039945;0.015675;0.006151
0.027409;0.010753;0.004219;0.027409;0.010753;0.004219
0.028038;0.010997;0.004313;0.028038;0.010997;0.004313
0.015332;0.006013;0.002358;0.015332;0.006013;0.002358
0.031209;0.012234;0.004796;0.031209;0.012234;0.004796
0.030847;0.012091;0.004739;0.030847;0.012091;0.004739
0.027142;0.010636;0.004168;0.027142;0.010636;0.004168
0.028747;0.011262;0.004412;0.028747;0.011262;0.004412
0.028207;0.011048;0.004327;0.028207;0.011048;0.004327
0.034933;0.013679;0.005356;0.034933;0.013679;0.005356
0.032350;0.012665;0.004958;0.032350;0.012665;0.004958
0.026255;0.010276;0.004022;0.026255;0.010276;0.004022
0.031037;0.012145;0.004753;0.031037;0.012145;0.004753
0.015648;0.006122;0.002395;0.015648;0.006122;0.002395
0.016163;0.006322;0.002472;0.016163;0.006322;0.002472
0.018985;0.007423;0.002903;0.018985;0.007423;0.002903
0.028709;0.011224;0.004388;0.028709;0.011224;0.004388
0.017432;0.006813;0.002663;0.017432;0.006813;0.002663
0.042597;0.016645;0.006504;0.042597;0.016645;0.006504
0.050539;0.019743;0.007713;0.050539;0.019743;0.007713
0.042232;0.016494;0.006442;0.042232;0.016494;0.006442
0.070855;0.027667;0.010803;0.070855;0.027667;0.010803
0.025425;0.009926;0.003875;0.025425;0.009926;0.003875
0.053714;0.020964;0.008182;0.053714;0.020964;0.008182
0.055242;0.021555;0.008411;0.055242;0.021555;0.008411
0.031883;0.012438;0.004852;0.031883;0.012438;0.004852
0.046775;0.018242;0.007115;0.046775;0.018242;0.007115
0.034604;0.013493;0.005261;0.034604;0.013493;0.005261
0.018149;0.007075;0.002758;0.018149;0.007075;0.002758
0.012252;0.004775;0.001861;0.012252;0.004775;0.001861
0.028878;0.011252;0.004384;0.028878;0.011252;0.004384
0.046198;0.017996;0.007010;0.046198;0.017996;0.007010
0.034618;0.013483;0.005251;0.034618;0.013483;0.005251
0.036953;0.014388;0.005602;0.036953;0.014388;0.005602
0.052184;0.020314;0.007908;0.052184;0.020314;0.007908
0.055016;0.021411;0.008333;0.055016;0.021411;0.008333
0.056852;0.022121;0.008607;0.056852;0.022121;0.008607
0.047173;0.018351;0.007139;0.047173;0.018351;0.007139
0.044929;0.017473;0.006795;0.044929;0.017473;0.006795
0.063795;0.024805;0.009645;0.063795;0.024805;0.009645
0.060269;0.023428;0.009107;0.060269;0.023428;0.009107
0.065626;0.025505;0.009912;0.065626;0.025505;0.009912
0.059887;0.023269;0.009041;0.059887;0.023269;0.009041
0.044288;0.017204;0.006683;0.044288;0.017204;0.006683
0.054240;0.021065;0.008181;0.054240;0.021065;0.008181
0.033826;0.013134;0.005099;0.033826;0.013134;0.005099
0.024169;0.009382;0.003642;0.024169;0.009382;0.003642
0.043811;0.017003;0.006599;0.043811;0.017003;0.006599
0.032069;0.012443;0.004828;0.032069;0.012443;0.004828
0.034088;0.013223;0.005129;0.034088;0.013223;0.005129
0.013770;0.005340;0.002071;0.013770;0.005340;0.002071
0.021439;0.008312;0.003223;0.021439;0.008312;0.003223
0.037336;0.014473;0.005610;0.037336;0.014473;0.005610
0.039353;0.015251;0.005911;0.039353;0.015251;0.005911
0.040056;0.015520;0.006013;0.040056;0.015520;0.006013
0.027549;0.010672;0.004134;0.027549;0.010672;0.004134
0.032191;0.012466;0.004828;0.032191;0.012466;0.004828
0.041681;0.016138;0.006249;0.041681;0.016138;0.006249
0.038656;0.014964;0.005792;0.038656;0.014964;0.005792
0.030654;0.011864;0.004591;0.030654;0.011864;0.004591
0.030392;0.011759;0.004550;0.030392;0.011759;0.004550
0.033386;0.012915;0.004996;0.033386;0.012915;0.004996
0.020040;0.007751;0.002998;0.020040;0.007751;0.002998
0.009578;0.003703;0.001431;0.009578;0.003703;0.001431
0.024439;0.009447;0.003652;0.024439;0.009447;0.003652
0.023627;0.009131;0.003529;0.023627;0.009131;0.003529
0.026344;0.010178;0.003932;0.026344;0.010178;0.003932
0.042280;0.016332;0.006309;0.042280;0.016332;0.006309
0.040148;0.015505;0.005988;0.040148;0.015505;0.005988
0.023017;0.008887;0.003431;0.023017;0.008887;0.003431
0.034730;0.013406;0.005175;0.034730;0.013406;0.005175
0.026275;0.010140;0.003913;0.026275;0.010140;0.003913
0.024165;0.009323;0.003597;0.024165;0.009323;0.003597
0.018338;0.007074;0.002729;0.018338;0.007074;0.002729
0.016772;0.006468;0.002494;0.016772;0.006468;0.002494
0.013784;0.005315;0.002049;0.013784;0.005315;0.002049
0.008183;0.003155;0.001216;0.008183;0.003155;0.001216
0.017024;0.006561;0.002528;0.017024;0.006561;0.002528
0.015571;0.005999;0.002312;0.015571;0.005999;0.002312
0.007915;0.003049;0.001175;0.007915;0.003049;0.001175
0.011175;0.004303;0.001657;0.011175;0.004303;0.001657
0.008621;0.003319;0.001278;0.008621;0.003319;0.001278
0.013239;0.005096;0.001961;0.013239;0.005096;0.001961
0.015231;0.005862;0.002256;0.015231;0.005862;0.002256
0.007353;0.002829;0.001089;0.007353;0.002829;0.001089
0.004442;0.001708;0.000657;0.004442;0.001708;0.000657
0.009390;0.003611;0.001389;0.009390;0.003611;0.001389
0.017559;0.006751;0.002596;0.017559;0.006751;0.002596
0.021792;0.008377;0.003220;0.021792;0.008377;0.003220
0.015188;0.005837;0.002243;0.015188;0.005837;0.002243
0.011252;0.004323;0.001661;0.011252;0.004323;0.001661
0.011191;0.004299;0.001651;0.011191;0.004299;0.001651
0.009104;0.003496;0.001343;0.009104;0.003496;0.001343
0.014155;0.005435;0.002087;0.014155;0.005435;0.002087
0.010256;0.003937;0.001511;0.010256;0.003937;0.001511
0.004344;0.001667;0.000640;0.004344;0.001667;0.000640
0.006998;0.002685;0.001030;0.006998;0.002685;0.001030
0.008925;0.003423;0.001313;0.008925;0.003423;0.001313
0.013295;0.005099;0.001955;0.013295;0.005099;0.001955
0.017397;0.006670;0.002558;0.017397;0.006670;0.002558
0.020364;0.007806;0.002992;0.020364;0.007806;0.002992
0.014727;0.005644;0.002163;0.014727;0.005644;0.002163
0.010045;0.003849;0.001475;0.010045;0.003849;0.001475
0.008452;0.003238;0.001240;0.008452;0.003238;0.001240
0.014754;0.005650;0.002164;0.014754;0.005650;0.002164
0.013380;0.005123;0.001962;0.013380;0.005123;0.001962
0.014269;0.005462;0.002091;0.014269;0.005462;0.002091
0.018916;0.007239;0.002771;0.018916;0.007239;0.002771
0.013469;0.005154;0.001972;0.013469;0.005154;0.001972
0.007925;0.003031;0.001160;0.007925;0.003031;0.001160
0.005041;0.001928;0.000737;0.005041;0.001928;0.000737
0.008265;0.003160;0.001208;0.008265;0.003160;0.001208
0.014806;0.005660;0.002164;0.014806;0.005660;0.002164
0.009650;0.003688;0.001410;0.009650;0.003688;0.001410
0.007087;0.002708;0.001035;0.007087;0.002708;0.001035
0.011157;0.004262;0.001628;0.011157;0.004262;0.001628
0.010834;0.004138;0.001580;0.010834;0.004138;0.001580
0.011029;0.004211;0.001608;0.011029;0.004211;0.001608
0.009543;0.003643;0.001391;0.009543;0.003643;0.001391
0.015016;0.005731;0.002187;0.015016;0.005731;0.002187
0.004623;0.001764;0.000673;0.004623;0.001764;0.000673
0.009698;0.003699;0.001411;0.009698;0.003699;0.001411
0.006243;0.002381;0.000908;0.006243;0.002381;0.000908
0.005933;0.002262;0.000863;0.005933;0.002262;0.000863
0.005121;0.001952;0.000744;0.005121;0.001952;0.000744
0.009535;0.003634;0.001385;0.009535;0.003634;0.001385
0.006155;0.002345;0.000894;0.006155;0.002345;0.000894
0.001239;0.000472;0.000180;0.001239;0.000472;0.000180
0.008915;0.003395;0.001293;0.008915;0.003395;0.001293
0.012986;0.004945;0.001883;0.012986;0.004945;0.001883
0.009789;0.003727;0.001419;0.009789;0.003727;0.001419
0.006977;0.002656;0.001011;0.006977;0.002656;0.001011
0.009527;0.003625;0.001379;0.009527;0.003625;0.001379
0.012007;0.004568;0.001738;0.012007;0.004568;0.001738
0.008292;0.003154;0.001200;0.008292;0.003154;0.001200
0.008234;0.003131;0.001190;0.008234;0.003131;0.001190
0.012387;0.004709;0.001790;0.012387;0.004709;0.001790
0.012055;0.004582;0.001741;0.012055;0.004582;0.001741
0.010675;0.004056;0.001541;0.010675;0.004056;0.001541
0.010021;0.003807;0.001446;0.010021;0.003807;0.001446
0.011845;0.004499;0.001709;0.011845;0.004499;0.001709
0.019499;0.007405;0.002812;0.019499;0.007405;0.002812
0.014402;0.005468;0.002076;0.014402;0.005468;0.002076
0.007854;0.002981;0.001131;0.007854;0.002981;0.001131
0.004335;0.001645;0.000624;0.004335;0.001645;0.000624
0.003587;0.001361;0.000516;0.003587;0.001361;0.000516
0.016468;0.006246;0.002369;0.016468;0.006246;0.002369
0.012778;0.004845;0.001837;0.012778;0.004845;0.001837
0.010516;0.003987;0.001512;0.010516;0.003987;0.001512
0.010505;0.003982;0.001509;0.010505;0.003982;0.001509
0.005311;0.002012;0.000763;0.005311;0.002012;0.000763
0.008501;0.003221;0.001220;0.008501;0.003221;0.001220
0.002881;0.001091;0.000413;0.002881;0.001091;0.000413
0.003420;0.001295;0.000490;0.003420;0.001295;0.000490
0.002471;0.000935;0.000354;0.002471;0.000935;0.000354
0.005162;0.001954;0.000740;0.005162;0.001954;0.000740
0.005396;0.002042;0.000773;0.005396;0.002042;0.000773
0.004604;0.001742;0.000659;0.004604;0.001742;0.000659
0.004780;0.001808;0.000684;0.004780;0.001808;0.000684
0.006314;0.002388;0.000903;0.006314;0.002388;0.000903
0.005229;0.001977;0.000748;0.005229;0.001977;0.000748
0.004616;0.001745;0.000660;0.004616;0.001745;0.000660
0.006918;0.002614;0.000988;0.006918;0.002614;0.000988
0.008489;0.003207;0.001212;0.008489;0.003207;0.001212
0.008637;0.003262;0.001232;0.008637;0.003262;0.001232
0.007442;0.002811;0.001061;0.007442;0.002811;0.001061
0.005914;0.002233;0.000843;0.005914;0.002233;0.000843
0.003641;0.001375;0.000519;0.003641;0.001375;0.000519
0.005671;0.002140;0.000808;0.005671;0.002140;0.000808
0.007769;0.002931;0.001106;0.007769;0.002931;0.001106
0.008897;0.003356;0.001266;0.008897;0.003356;0.001266
0.009647;0.003638;0.001372;0.009647;0.003638;0.001372
0.005884;0.002219;0.000837;0.005884;0.002219;0.000837
0.004978;0.001877;0.000707;0.004978;0.001877;0.000707
0.012799;0.004824;0.001818;0.012799;0.004824;0.001818
0.008308;0.003131;0.001180;0.008308;0.003131;0.001180
0.003369;0.001269;0.000478;0.003369;0.001269;0.000478
0.004436;0.001670;0.000629;0.004436;0.001670;0.000629
0.008075;0.003040;0.001145;0.008075;0.003040;0.001145
0.010590;0.003987;0.001501;0.010590;0.003987;0.001501
0.009812;0.003693;0.001390;0.009812;0.003693;0.001390
0.009671;0.003639;0.001369;0.009671;0.003639;0.001369
0.010891;0.004097;0.001541;0.010891;0.004097;0.001541
0.007039;0.002648;0.000996;0.007039;0.002648;0.000996
0.010357;0.003894;0.001464;0.010357;0.003894;0.001464
0.014237;0.005352;0.002012;0.014237;0.005352;0.002012
0.011298;0.004246;0.001596;0.011298;0.004246;0.001596
0.008653;0.003252;0.001222;0.008653;0.003252;0.001222
0.005271;0.001980;0.000744;0.005271;0.001980;0.000744
0.003377;0.001268;0.000476;0.003377;0.001268;0.000476
0.006305;0.002368;0.000889;0.006305;0.002368;0.000889
0.005001;0.001877;0.000705;0.005001;0.001877;0.000705
0.007345;0.002757;0.001035;0.007345;0.002757;0.001035
0.007534;0.002827;0.001061;0.007534;0.002827;0.001061
0.005336;0.002002;0.000751;0.005336;0.002002;0.000751
0.008533;0.003200;0.001200;0.008533;0.003200;0.001200
0.010432;0.003912;0.001467;0.010432;0.003912;0.001467
0.013535;0.005075;0.001903;0.013535;0.005075;0.001903
0.015024;0.005631;0.002111;0.015024;0.005631;0.002111
0.004752;0.001781;0.000667;0.004752;0.001781;0.000667
0.012142;0.004549;0.001704;0.012142;0.004549;0.001704
0.013170;0.004933;0.001848;0.013170;0.004933;0.001848
0.011725;0.004391;0.001644;0.011725;0.004391;0.001644
0.015253;0.005711;0.002138;0.015253;0.005711;0.002138
0.004138;0.001549;0.000580;0.004138;0.001549;0.000580
0.006665;0.002494;0.000933;0.006665;0.002494;0.000933
0.008422;0.003151;0.001179;0.008422;0.003151;0.001179
0.012190;0.004560;0.001706;0.012190;0.004560;0.001706
0.016235;0.006071;0.002271;0.016235;0.006071;0.002271
0.011991;0.004484;0.001677;0.011991;0.004484;0.001677
0.007117;0.002661;0.000995;0.007117;0.002661;0.000995
0.006938;0.002593;0.000969;0.006938;0.002593;0.000969
0.006797;0.002540;0.000949;0.006797;0.002540;0.000949
0.009264;0.003461;0.001293;0.009264;0.003461;0.001293
0.012595;0.004704;0.001757;0.012595;0.004704;0.001757
0.010634;0.003971;0.001483;0.010634;0.003971;0.001483
0.011114;0.004149;0.001549;0.011114;0.004149;0.001549
0.011772;0.004394;0.001640;0.011772;0.004394;0.001640
0.007336;0.002737;0.001021;0.007336;0.002737;0.001021
0.010891;0.004063;0.001516;0.010891;0.004063;0.001516
0.009255;0.003452;0.001287;0.009255;0.003452;0.001287
0.007363;0.002746;0.001024;0.007363;0.002746;0.001024
0.007324;0.002730;0.001018;0.007324;0.002730;0.001018
0.011011;0.004104;0.001530;0.011011;0.004104;0.001530
0.015384;0.005733;0.002136;0.015384;0.005733;0.002136
0.006473;0.002411;0.000898;0.006473;0.002411;0.000898
0.009933;0.003700;0.001378;0.009933;0.003700;0.001378
0.008875;0.003305;0.001231;0.008875;0.003305;0.001231
0.008495;0.003163;0.001178;0.008495;0.003163;0.001178
0.015203;0.005659;0.002106;0.015203;0.005659;0.002106
0.012407;0.004617;0.001718;0.012407;0.004617;0.001718
0.009308;0.003463;0.001289;0.009308;0.003463;0.001289
0.009196;0.003421;0.001272;0.009196;0.003421;0.001272
0.010340;0.003845;0.001430;0.010340;0.003845;0.001430
0.013941;0.005183;0.001927;0.013941;0.005183;0.001927
0.017357;0.006452;0.002398;0.017357;0.006452;0.002398
0.016943;0.006297;0.002340;0.016943;0.006297;0.002340
0.014717;0.005468;0.002032;0.014717;0.005468;0.002032
0.013129;0.004877;0.001812;0.013129;0.004877;0.001812
0.013070;0.004854;0.001803;0.013070;0.004854;0.001803
0.013064;0.004851;0.001801;0.013064;0.004851;0.001801
0.012951;0.004807;0.001785;0.012951;0.004807;0.001785
0.017192;0.006380;0.002368;0.017192;0.006380;0.002368
0.018544;0.006881;0.002553;0.018544;0.006881;0.002553
0.014216;0.005274;0.001956;0.014216;0.005274;0.001956
0.015738;0.005837;0.002165;0.015738;0.005837;0.002165
0.017540;0.006504;0.002412;0.017540;0.006504;0.002412
0.016618;0.006161;0.002284;0.016618;0.006161;0.002284
0.023586;0.008742;0.003240;0.023586;0.008742;0.003240
0.015187;0.005628;0.002085;0.015187;0.005628;0.002085
0.009602;0.003557;0.001318;0.009602;0.003557;0.001318
0.011975;0.004435;0.001643;0.011975;0.004435;0.001643
0.010178;0.003769;0.001396;0.010178;0.003769;0.001396
0.016074;0.005951;0.002203;0.016074;0.005951;0.002203
0.010592;0.003921;0.001451;0.010592;0.003921;0.001451
0.015133;0.005600;0.002072;0.015133;0.005600;0.002072
0.016582;0.006135;0.002270;0.016582;0.006135;0.002270
0.019207;0.007104;0.002628;0.019207;0.007104;0.002628
0.017281;0.006391;0.002363;0.017281;0.006391;0.002363
0.007805;0.002886;0.001067;0.007805;0.002886;0.001067
0.012947;0.004785;0.001769;0.012947;0.004785;0.001769
0.010178;0.003762;0.001390;0.010178;0.003762;0.001390
0.007646;0.002825;0.001044;0.007646;0.002825;0.001044
0.011183;0.004131;0.001526;0.011183;0.004131;0.001526
0.007191;0.002656;0.000981;0.007191;0.002656;0.000981
0.009313;0.003438;0.001269;0.009313;0.003438;0.001269
0.013967;0.005156;0.001903;0.013967;0.005156;0.001903
0.006123;0.002260;0.000834;0.006123;0.002260;0.000834
0.006247;0.002305;0.000850;0.006247;0.002305;0.000850
0.013965;0.005152;0.001901;0.013965;0.005152;0.001901
0.008955;0.003303;0.001218;0.008955;0.003303;0.001218
0.004432;0.001634;0.000603;0.004432;0.001634;0.000603
0.007503;0.002766;0.001020;0.007503;0.002766;0.001020
0.006212;0.002290;0.000844;0.006212;0.002290;0.000844
0.006518;0.002402;0.000885;0.006518;0.002402;0.000885
0.006673;0.002459;0.000906;0.006673;0.002459;0.000906
0.005555;0.002046;0.000754;0.005555;0.002046;0.000754
0.013104;0.004826;0.001777;0.013104;0.004826;0.001777
0.008943;0.003292;0.001212;0.008943;0.003292;0.001212
0.003901;0.001436;0.000529;0.003901;0.001436;0.000529
0.002353;0.000866;0.000319;0.002353;0.000866;0.000319
0.003262;0.001200;0.000442;0.003262;0.001200;0.000442
0.007944;0.002922;0.001075;0.007944;0.002922;0.001075
0.007175;0.002639;0.000970;0.007175;0.002639;0.000970
0.007097;0.002609;0.000959;0.007097;0.002609;0.000959
0.007719;0.002837;0.001043;0.007719;0.002837;0.001043
0.007644;0.002809;0.001032;0.007644;0.002809;0.001032
0.009493;0.003488;0.001282;0.009493;0.003488;0.001282
0.008471;0.003112;0.001143;0.008471;0.003112;0.001143
0.006673;0.002451;0.000900;0.006673;0.002451;0.000900
0.010074;0.003699;0.001358;0.010074;0.003699;0.001358
0.009325;0.003423;0.001257;0.009325;0.003423;0.001257
0.005910;0.002169;0.000796;0.005910;0.002169;0.000796
0.009294;0.003411;0.001252;0.009294;0.003411;0.001252
0.003940;0.001445;0.000530;0.003940;0.001445;0.000530
0.007170;0.002630;0.000964;0.007170;0.002630;0.000964
0.012070;0.004426;0.001623;0.012070;0.004426;0.001623
0.008505;0.003118;0.001143;0.008505;0.003118;0.001143
0.004823;0.001768;0.000648;0.004823;0.001768;0.000648
0.008960;0.003284;0.001203;0.008960;0.003284;0.001203
0.007296;0.002673;0.000979;0.007296;0.002673;0.000979
0.009553;0.003499;0.001282;0.009553;0.003499;0.001282
0.005927;0.002171;0.000795;0.005927;0.002171;0.000795
0.006324;0.002315;0.000848;0.006324;0.002315;0.000848
0.008269;0.003027;0.001108;0.008269;0.003027;0.001108
0.006281;0.002299;0.000841;0.006281;0.002299;0.000841
0.008430;0.003084;0.001129;0.008430;0.003084;0.001129
0.006032;0.002207;0.000807;0.006032;0.002207;0.000807
0.007704;0.002817;0.001030;0.007704;0.002817;0.001030
0.005883;0.002151;0.000787;0.005883;0.002151;0.000787
0.002650;0.000969;0.000354;0.002650;0.000969;0.000354
0.004091;0.001495;0.000546;0.004091;0.001495;0.000546
0.008002;0.002924;0.001068;0.008002;0.002924;0.001068
0.010252;0.003745;0.001368;0.010252;0.003745;0.001368
0.011320;0.004134;0.001510;0.011320;0.004134;0.001510
0.010153;0.003707;0.001354;0.010153;0.003707;0.001354
0.008083;0.002951;0.001077;0.008083;0.002951;0.001077
0.010770;0.003931;0.001435;0.010770;0.003931;0.001435
0.012494;0.004560;0.001664;0.012494;0.004560;0.001664
0.008518;0.003108;0.001134;0.008518;0.003108;0.001134
0.010660;0.003888;0.001418;0.010660;0.003888;0.001418
0.012288;0.004481;0.001634;0.012288;0.004481;0.001634
0.011709;0.004269;0.001557;0.011709;0.004269;0.001557
0.008461;0.003084;0.001124;0.008461;0.003084;0.001124
0.015693;0.005719;0.002084;0.015693;0.005719;0.002084
0.012956;0.004721;0.001720;0.012956;0.004721;0.001720
0.006222;0.002267;0.000826;0.006222;0.002267;0.000826
0.008707;0.003171;0.001155;0.008707;0.003171;0.001155
0.012234;0.004455;0.001622;0.012234;0.004455;0.001622
0.006357;0.002314;0.000843;0.006357;0.002314;0.000843
0.003992;0.001453;0.000529;0.003992;0.001453;0.000529
0.009471;0.003446;0.001254;0.009471;0.003446;0.001254
0.006894;0.002508;0.000912;0.006894;0.002508;0.000912
0.002824;0.001027;0.000374;0.002824;0.001027;0.000374
0.004727;0.001719;0.000625;0.004727;0.001719;0.000625
0.006320;0.002298;0.000835;0.006320;0.002298;0.000835
0.005829;0.002119;0.000770;0.005829;0.002119;0.000770
0.004323;0.001571;0.000571;0.004323;0.001571;0.000571
0.006043;0.002195;0.000798;0.006043;0.002195;0.000798
0.016668;0.006054;0.002199;0.016668;0.006054;0.002199
0.022952;0.008335;0.003027;0.022952;0.008335;0.003027
0.013994;0.005081;0.001845;0.013994;0.005081;0.001845
0.008554;0.003105;0.001127;0.008554;0.003105;0.001127
0.012862;0.004668;0.001694;0.012862;0.004668;0.001694
0.010784;0.003913;0.001420;0.010784;0.003913;0.001420
0.010349;0.003754;0.001362;0.010349;0.003754;0.001362
0.007600;0.002756;0.001000;0.007600;0.002756;0.001000
0.004587;0.001663;0.000603;0.004587;0.001663;0.000603
0.012693;0.004602;0.001668;0.012693;0.004602;0.001668
0.010607;0.003845;0.001394;0.010607;0.003845;0.001394
0.010845;0.003930;0.001424;0.010845;0.003930;0.001424
0.016062;0.005819;0.002108;0.016062;0.005819;0.002108
0.012376;0.004483;0.001624;0.012376;0.004483;0.001624
0.014525;0.005260;0.001905;0.014525;0.005260;0.001905
0.007312;0.002647;0.000959;0.007312;0.002647;0.000959
0.003423;0.001239;0.000449;0.003423;0.001239;0.000449
0.004721;0.001709;0.000618;0.004721;0.001709;0.000618
0.002089;0.000756;0.000274;0.002089;0.000756;0.000274
0.001748;0.000632;0.000229;0.001748;0.000632;0.000229
0.003189;0.001153;0.000417;0.003189;0.001153;0.000417
0.002223;0.000804;0.000291;0.002223;0.000804;0.000291
0.001688;0.000610;0.000221;0.001688;0.000610;0.000221
0.004216;0.001524;0.000551;0.004216;0.001524;0.000551
0.004714;0.001703;0.000616;0.004714;0.001703;0.000616
0.004294;0.001551;0.000560;0.004294;0.001551;0.000560
0.008530;0.003081;0.001113;0.008530;0.003081;0.001113
0.012950;0.004676;0.001689;0.012950;0.004676;0.001689
0.011370;0.004105;0.001482;0.011370;0.004105;0.001482
0.007476;0.002698;0.000974;0.007476;0.002698;0.000974
0.005669;0.002046;0.000738;0.005669;0.002046;0.000738
0.005720;0.002064;0.000745;0.005720;0.002064;0.000745
0.006248;0.002254;0.000813;0.006248;0.002254;0.000813
0.006825;0.002461;0.000888;0.006825;0.002461;0.000888
0.011803;0.004256;0.001534;0.011803;0.004256;0.001534
0.009968;0.003593;0.001295;0.009968;0.003593;0.001295
0.005176;0.001865;0.000672;0.005176;0.001865;0.000672
0.007243;0.002610;0.000940;0.007243;0.002610;0.000940
0.005834;0.002102;0.000757;0.005834;0.002102;0.000757
0.011334;0.004082;0.001470;0.011334;0.004082;0.001470
0.014534;0.005233;0.001884;0.014534;0.005233;0.001884
0.012810;0.004612;0.001660;0.012810;0.004612;0.001660
0.011710;0.004215;0.001517;0.011710;0.004215;0.001517
0.011980;0.004311;0.001551;0.011980;0.004311;0.001551
0.007653;0.002753;0.000991;0.007653;0.002753;0.000991
0.002743;0.000987;0.000355;0.002743;0.000987;0.000355
0.005093;0.001831;0.000659;0.005093;0.001831;0.000659
0.006826;0.002454;0.000882;0.006826;0.002454;0.000882
0.010620;0.003818;0.001372;0.010620;0.003818;0.001372
0.009043;0.003250;0.001168;0.009043;0.003250;0.001168
0.003338;0.001199;0.000431;0.003338;0.001199;0.000431
0.006529;0.002345;0.000842;0.006529;0.002345;0.000842
0.009850;0.003538;0.001271;0.009850;0.003538;0.001271
0.006780;0.002434;0.000874;0.006780;0.002434;0.000874
0.005057;0.001816;0.000652;0.005057;0.001816;0.000652
0.003943;0.001415;0.000508;0.003943;0.001415;0.000508
0.008759;0.003143;0.001128;0.008759;0.003143;0.001128
0.012173;0.004367;0.001567;0.012173;0.004367;0.001567
0.016190;0.005807;0.002083;0.016190;0.005807;0.002083
0.013056;0.004682;0.001679;0.013056;0.004682;0.001679
0.007506;0.002691;0.000965;0.007506;0.002691;0.000965
0.009123;0.003270;0.001172;0.009123;0.003270;0.001172
0.003155;0.001131;0.000405;0.003155;0.001131;0.000405
0.003472;0.001244;0.000446;0.003472;0.001244;0.000446
0.014364;0.005145;0.001843;0.014364;0.005145;0.001843
0.009643;0.003454;0.001237;0.009643;0.003454;0.001237
0.005959;0.002134;0.000764;0.005959;0.002134;0.000764
0.015622;0.005592;0.002002;0.015622;0.005592;0.002002
0.020872;0.007470;0.002674;0.020872;0.007470;0.002674
0.021312;0.007626;0.002729;0.021312;0.007626;0.002729
0.020116;0.007197;0.002575;0.020116;0.007197;0.002575
0.022231;0.007951;0.002844;0.022231;0.007951;0.002844
0.023822;0.008519;0.003046;0.023822;0.008519;0.003046
0.017163;0.006136;0.002194;0.017163;0.006136;0.002194
0.012139;0.004339;0.001551;0.012139;0.004339;0.001551
0.008220;0.002938;0.001050;0.008220;0.002938;0.001050
0.010203;0.003645;0.001302;0.010203;0.003645;0.001302
0.014406;0.005146;0.001838;0.014406;0.005146;0.001838
0.009345;0.003338;0.001192;0.009345;0.003338;0.001192
0.008499;0.003034;0.001083;0.008499;0.003034;0.001083
0.015373;0.005488;0.001959;0.015373;0.005488;0.001959
0.013221;0.004718;0.001684;0.013221;0.004718;0.001684
0.015541;0.005545;0.001979;0.015541;0.005545;0.001979
0.017697;0.006313;0.002252;0.017697;0.006313;0.002252
0.011655;0.004157;0.001483;0.011655;0.004157;0.001483
0.007368;0.002627;0.000937;0.007368;0.002627;0.000937
0.010298;0.003671;0.001309;0.010298;0.003671;0.001309
0.010912;0.003890;0.001386;0.010912;0.003890;0.001386
0.018401;0.006557;0.002337;0.018401;0.006557;0.002337
0.009756;0.003476;0.001238;0.009756;0.003476;0.001238
0.014950;0.005326;0.001897;0.014950;0.005326;0.001897
0.017899;0.006374;0.002270;0.017899;0.006374;0.002270
0.011942;0.004252;0.001514;0.011942;0.004252;0.001514
0.013255;0.004718;0.001680;0.013255;0.004718;0.001680
0.010284;0.003660;0.001303;0.010284;0.003660;0.001303
0.002958;0.001053;0.000375;0.002958;0.001053;0.000375
0.010186;0.003624;0.001289;0.010186;0.003624;0.001289
0.012069;0.004293;0.001527;0.012069;0.004293;0.001527
0.013596;0.004835;0.001719;0.013596;0.004835;0.001719
0.014682;0.005220;0.001856;0.014682;0.005220;0.001856
0.014058;0.004997;0.001776;0.014058;0.004997;0.001776
0.010484;0.003726;0.001324;0.010484;0.003726;0.001324
0.006125;0.002176;0.000773;0.006125;0.002176;0.000773
0.007289;0.002589;0.000920;0.007289;0.002589;0.000920
0.014470;0.005139;0.001825;0.014470;0.005139;0.001825
0.014176;0.005034;0.001787;0.014176;0.005034;0.001787
0.003192;0.001133;0.000402;0.003192;0.001133;0.000402
0.004036;0.001432;0.000508;0.004036;0.001432;0.000508
0.007585;0.002692;0.000955;0.007585;0.002692;0.000955
0.004996;0.001772;0.000629;0.004996;0.001772;0.000629
0.018702;0.006633;0.002353;0.018702;0.006633;0.002353
0.024251;0.008600;0.003050;0.024251;0.008600;0.003050
0.010054;0.003564;0.001264;0.010054;0.003564;0.001264
0.012174;0.004315;0.001530;0.012174;0.004315;0.001530
0.010738;0.003805;0.001349;0.010738;0.003805;0.001349
0.012906;0.004573;0.001620;0.012906;0.004573;0.001620
0.018145;0.006427;0.002277;0.018145;0.006427;0.002277
0.015306;0.005421;0.001920;0.015306;0.005421;0.001920
0.020774;0.007356;0.002605;0.020774;0.007356;0.002605
0.018634;0.006597;0.002335;0.018634;0.006597;0.002335
0.020570;0.007280;0.002577;0.020570;0.007280;0.002577
0.015469;0.005474;0.001937;0.015469;0.005474;0.001937
0.011691;0.004136;0.001463;0.011691;0.004136;0.001463
0.020108;0.007112;0.002515;0.020108;0.007112;0.002515
0.025957;0.009179;0.003246;0.025957;0.009179;0.003246
0.013027;0.004606;0.001629;0.013027;0.004606;0.001629
0.007287;0.002576;0.000910;0.007287;0.002576;0.000910
0.008960;0.003166;0.001119;0.008960;0.003166;0.001119
0.011651;0.004116;0.001454;0.011651;0.004116;0.001454
0.020297;0.007170;0.002533;0.020297;0.007170;0.002533
0.020441;0.007219;0.002550;0.020441;0.007219;0.002550
0.018893;0.006671;0.002355;0.018893;0.006671;0.002355
0.029275;0.010335;0.003648;0.029275;0.010335;0.003648
0.022890;0.008079;0.002852;0.022890;0.008079;0.002852
0.009255;0.003266;0.001152;0.009255;0.003266;0.001152
0.017066;0.006021;0.002124;0.017066;0.006021;0.002124
0.014522;0.005122;0.001807;0.014522;0.005122;0.001807
0.025775;0.009090;0.003205;0.025775;0.009090;0.003205
0.025053;0.008833;0.003114;0.025053;0.008833;0.003114
0.012051;0.004248;0.001497;0.012051;0.004248;0.001497
0.033855;0.011931;0.004205;0.033855;0.011931;0.004205
0.024212;0.008531;0.003006;0.024212;0.008531;0.003006
0.017622;0.006208;0.002187;0.017622;0.006208;0.002187
0.017945;0.006320;0.002226;0.017945;0.006320;0.002226
0.008412;0.002962;0.001043;0.008412;0.002962;0.001043
0.022775;0.008018;0.002823;0.022775;0.008018;0.002823
0.018010;0.006339;0.002231;0.018010;0.006339;0.002231
0.007791;0.002742;0.000965;0.007791;0.002742;0.000965
0.015479;0.005446;0.001916;0.015479;0.005446;0.001916
0.020247;0.007122;0.002505;0.020247;0.007122;0.002505
0.028250;0.009934;0.003494;0.028250;0.009934;0.003494
0.036011;0.012661;0.004452;0.036011;0.012661;0.004452
0.025097;0.008823;0.003102;0.025097;0.008823;0.003102
0.015319;0.005384;0.001892;0.015319;0.005384;0.001892
0.017373;0.006105;0.002145;0.017373;0.006105;0.002145
0.024488;0.008602;0.003022;0.024488;0.008602;0.003022
0.032054;0.011258;0.003954;0.032054;0.011258;0.003954
0.019629;0.006893;0.002421;0.019629;0.006893;0.002421
0.010141;0.003560;0.001250;0.010141;0.003560;0.001250
0.021617;0.007588;0.002663;0.021617;0.007588;0.002663
0.024198;0.008492;0.002980;0.024198;0.008492;0.002980
0.027724;0.009727;0.003413;0.027724;0.009727;0.003413
0.035573;0.012479;0.004377;0.035573;0.012479;0.004377
0.011362;0.003985;0.001397;0.011362;0.003985;0.001397
0.030138;0.010567;0.003705;0.030138;0.010567;0.003705
0.023319;0.008175;0.002866;0.023319;0.008175;0.002866
0.024450;0.008569;0.003003;0.024450;0.008569;0.003003
0.020510;0.007187;0.002518;0.020510;0.007187;0.002518
0.016994;0.005954;0.002086;0.016994;0.005954;0.002086
0.026158;0.009162;0.003209;0.026158;0.009162;0.003209
0.015424;0.005401;0.001892;0.015424;0.005401;0.001892
0.008918;0.003122;0.001093;0.008918;0.003122;0.001093
0.014446;0.005057;0.001770;0.014446;0.005057;0.001770
0.008062;0.002822;0.000988;0.008062;0.002822;0.000988
0.009857;0.003449;0.001207;0.009857;0.003449;0.001207
0.014517;0.005078;0.001776;0.014517;0.005078;0.001776
0.011545;0.004038;0.001412;0.011545;0.004038;0.001412
0.012439;0.004350;0.001521;0.012439;0.004350;0.001521
0.018292;0.006395;0.002236;0.018292;0.006395;0.002236
0.018313;0.006401;0.002237;0.018313;0.006401;0.002237
0.015805;0.005523;0.001930;0.015805;0.005523;0.001930
0.016030;0.005600;0.001957;0.016030;0.005600;0.001957
0.021899;0.007649;0.002672;0.021899;0.007649;0.002672
0.029920;0.010449;0.003649;0.029920;0.010449;0.003649
0.021626;0.007551;0.002636;0.021626;0.007551;0.002636
0.025805;0.009009;0.003145;0.025805;0.009009;0.003145
0.013587;0.004742;0.001655;0.013587;0.004742;0.001655
0.025605;0.008935;0.003118;0.025605;0.008935;0.003118
0.026485;0.009240;0.003223;0.026485;0.009240;0.003223
0.028708;0.010013;0.003492;0.028708;0.010013;0.003492
0.078273;0.027295;0.009518;0.078273;0.027295;0.009518
0.042584;0.014847;0.005176;0.042584;0.014847;0.005176
0.016790;0.005853;0.002040;0.016790;0.005853;0.002040
0.009908;0.003453;0.001203;0.009908;0.003453;0.001203
0.024628;0.008581;0.002990;0.024628;0.008581;0.002990
0.035898;0.012505;0.004356;0.035898;0.012505;0.004356
0.018411;0.006412;0.002233;0.018411;0.006412;0.002233
0.031622;0.011011;0.003834;0.031622;0.011011;0.003834
0.036790;0.012808;0.004459;0.036790;0.012808;0.004459
0.028557;0.009940;0.003460;0.028557;0.009940;0.003460
0.048892;0.017013;0.005920;0.048892;0.017013;0.005920
0.041189;0.014331;0.004986;0.041189;0.014331;0.004986
0.034147;0.011877;0.004131;0.034147;0.011877;0.004131
0.034678;0.012060;0.004194;0.034678;0.012060;0.004194
0.023909;0.008313;0.002890;0.023909;0.008313;0.002890
0.024419;0.008488;0.002951;0.024419;0.008488;0.002951
0.030684;0.010664;0.003706;0.030684;0.010664;0.003706
0.027531;0.009566;0.003324;0.027531;0.009566;0.003324
0.034856;0.012108;0.004206;0.034856;0.012108;0.004206
0.044952;0.015613;0.005423;0.044952;0.015613;0.005423
0.027726;0.009628;0.003343;0.027726;0.009628;0.003343
0.028522;0.009902;0.003438;0.028522;0.009902;0.003438
0.052102;0.018085;0.006277;0.052102;0.018085;0.006277
0.067767;0.023517;0.008161;0.067767;0.023517;0.008161
0.075885;0.026330;0.009136;0.075885;0.026330;0.009136
0.023958;0.008311;0.002883;0.023958;0.008311;0.002883
0.045552;0.015798;0.005479;0.045552;0.015798;0.005479
0.077841;0.026991;0.009359;0.077841;0.026991;0.009359
0.050945;0.017661;0.006123;0.050945;0.017661;0.006123
0.039891;0.013826;0.004792;0.039891;0.013826;0.004792
0.027431;0.009506;0.003294;0.027431;0.009506;0.003294
0.054496;0.018880;0.006541;0.054496;0.018880;0.006541
0.069828;0.024187;0.008378;0.069828;0.024187;0.008378
0.050877;0.017620;0.006102;0.050877;0.017620;0.006102
0.060033;0.020785;0.007197;0.060033;0.020785;0.007197
0.062334;0.021578;0.007470;0.062334;0.021578;0.007470
0.073069;0.025288;0.008752;0.073069;0.025288;0.008752
0.083450;0.028876;0.009992;0.083450;0.028876;0.009992
0.054672;0.018915;0.006544;0.054672;0.018915;0.006544
0.049404;0.017087;0.005910;0.049404;0.017087;0.005910
0.061108;0.021132;0.007308;0.061108;0.021132;0.007308
0.060824;0.021028;0.007270;0.060824;0.021028;0.007270
0.073108;0.025271;0.008735;0.073108;0.025271;0.008735
0.055749;0.019267;0.006658;0.055749;0.019267;0.006658
0.050908;0.017589;0.006077;0.050908;0.017589;0.006077
0.089728;0.030996;0.010707;0.089728;0.030996;0.010707
0.090101;0.031118;0.010747;0.090101;0.031118;0.010747
0.076853;0.026537;0.009163;0.076853;0.026537;0.009163
0.057917;0.019995;0.006903;0.057917;0.019995;0.006903
0.030155;0.010408;0.003592;0.030155;0.010408;0.003592
0.061374;0.021179;0.007309;0.061374;0.021179;0.007309
0.081399;0.028084;0.009689;0.081399;0.028084;0.009689
0.084066;0.028998;0.010003;0.084066;0.028998;0.010003
0.060668;0.020923;0.007216;0.060668;0.020923;0.007216
0.044968;0.015505;0.005346;0.044968;0.015505;0.005346
0.040339;0.013906;0.004794;0.040339;0.013906;0.004794
0.040039;0.013799;0.004756;0.040039;0.013799;0.004756
0.075098;0.025877;0.008916;0.075098;0.025877;0.008916
0.075694;0.026078;0.008984;0.075694;0.026078;0.008984
0.041260;0.014212;0.004895;0.041260;0.014212;0.004895
0.018884;0.006503;0.002240;0.018884;0.006503;0.002240
0.027881;0.009599;0.003305;0.027881;0.009599;0.003305
0.022767;0.007837;0.002698;0.022767;0.007837;0.002698
0.028092;0.009667;0.003327;0.028092;0.009667;0.003327
0.028903;0.009945;0.003422;0.028903;0.009945;0.003422
0.020561;0.007073;0.002433;0.020561;0.007073;0.002433
0.018118;0.006232;0.002143;0.018118;0.006232;0.002143
0.008278;0.002847;0.000979;0.008278;0.002847;0.000979
0.016090;0.005531;0.001901;0.016090;0.005531;0.001901
0.035944;0.012355;0.004247;0.035944;0.012355;0.004247
0.031460;0.010811;0.003715;0.031460;0.010811;0.003715
0.039011;0.013404;0.004605;0.039011;0.013404;0.004605
0.021384;0.007346;0.002523;0.021384;0.007346;0.002523
0.016302;0.005599;0.001923;0.016302;0.005599;0.001923
0.033405;0.011470;0.003938;0.033405;0.011470;0.003938
0.033865;0.011626;0.003991;0.033865;0.011626;0.003991
0.029739;0.010207;0.003503;0.029739;0.010207;0.003503
0.034128;0.011711;0.004019;0.034128;0.011711;0.004019
0.017353;0.005954;0.002043;0.017353;0.005954;0.002043
0.038206;0.013105;0.004495;0.038206;0.013105;0.004495
0.024838;0.008518;0.002921;0.024838;0.008518;0.002921
0.014470;0.004961;0.001701;0.014470;0.004961;0.001701
0.035512;0.012173;0.004173;0.035512;0.012173;0.004173
0.047274;0.016202;0.005553;0.047274;0.016202;0.005553
0.048467;0.016608;0.005691;0.048467;0.016608;0.005691
0.027284;0.009348;0.003203;0.027284;0.009348;0.003203
0.030304;0.010379;0.003555;0.030304;0.010379;0.003555
0.032598;0.011163;0.003823;0.032598;0.011163;0.003823
0.031367;0.010739;0.003677;0.031367;0.010739;0.003677
0.061817;0.021159;0.007242;0.061817;0.021159;0.007242
0.070380;0.024087;0.008244;0.070380;0.024087;0.008244
0.057219;0.019578;0.006699;0.057219;0.019578;0.006699
0.075205;0.025727;0.008801;0.075205;0.025727;0.008801
0.079013;0.027025;0.009243;0.079013;0.027025;0.009243
0.055821;0.019088;0.006527;0.055821;0.019088;0.006527
0.058619;0.020041;0.006851;0.058619;0.020041;0.006851
0.075525;0.025815;0.008824;0.075525;0.025815;0.008824
0.096475;0.032969;0.011267;0.096475;0.032969;0.011267
0.080018;0.027340;0.009342;0.080018;0.027340;0.009342
0.024343;0.008315;0.002840;0.024343;0.008315;0.002840
0.060419;0.020635;0.007047;0.060419;0.020635;0.007047
0.033736;0.011520;0.003933;0.033736;0.011520;0.003933
0.017605;0.006010;0.002052;0.017605;0.006010;0.002052
0.017943;0.006124;0.002090;0.017943;0.006124;0.002090
0.058640;0.020010;0.006828;0.058640;0.020010;0.006828
0.104617;0.035692;0.012177;0.104617;0.035692;0.012177
0.052081;0.017766;0.006060;0.052081;0.017766;0.006060
0.056923;0.019413;0.006620;0.056923;0.019413;0.006620
0.059212;0.020189;0.006884;0.059212;0.020189;0.006884
0.051716;0.017630;0.006010;0.051716;0.017630;0.006010
0.057532;0.019608;0.006683;0.057532;0.019608;0.006683
0.045008;0.015337;0.005226;0.045008;0.015337;0.005226
0.044726;0.015237;0.005191;0.044726;0.015237;0.005191
0.055817;0.019012;0.006476;0.055817;0.019012;0.006476
0.037101;0.012635;0.004303;0.037101;0.012635;0.004303
0.028835;0.009817;0.003342;0.028835;0.009817;0.003342
0.037544;0.012780;0.004351;0.037544;0.012780;0.004351
0.034988;0.011908;0.004053;0.034988;0.011908;0.004053
0.051619;0.017563;0.005976;0.051619;0.017563;0.005976
0.064267;0.021864;0.007438;0.064267;0.021864;0.007438
0.038015;0.012930;0.004398;0.038015;0.012930;0.004398
0.035438;0.012051;0.004098;0.035438;0.012051;0.004098
0.026315;0.008947;0.003042;0.026315;0.008947;0.003042
0.027197;0.009244;0.003142;0.027197;0.009244;0.003142
0.057160;0.019426;0.006602;0.057160;0.019426;0.006602
0.028186;0.009577;0.003254;0.028186;0.009577;0.003254
0.060388;0.020514;0.006969;0.060388;0.020514;0.006969
0.060150;0.020429;0.006939;0.060150;0.020429;0.006939
0.010375;0.003523;0.001196;0.010375;0.003523;0.001196
0.068030;0.023096;0.007841;0.068030;0.023096;0.007841
0.059895;0.020330;0.006901;0.059895;0.020330;0.006901
0.024070;0.008168;0.002772;0.024070;0.008168;0.002772
0.033872;0.011492;0.003899;0.033872;0.011492;0.003899
0.023125;0.007845;0.002661;0.023125;0.007845;0.002661
0.049614;0.016826;0.005706;0.049614;0.016826;0.005706
0.031606;0.010717;0.003634;0.031606;0.010717;0.003634
0.025625;0.008687;0.002945;0.025625;0.008687;0.002945
0.028327;0.009601;0.003254;0.028327;0.009601;0.003254
0.019456;0.006593;0.002234;0.019456;0.006593;0.002234
0.035784;0.012123;0.004107;0.035784;0.012123;0.004107
0.041433;0.014035;0.004754;0.041433;0.014035;0.004754
0.022286;0.007548;0.002556;0.022286;0.007548;0.002556
0.020192;0.006837;0.002315;0.020192;0.006837;0.002315
0.026771;0.009063;0.003068;0.026771;0.009063;0.003068
0.021890;0.007409;0.002508;0.021890;0.007409;0.002508
0.017308;0.005857;0.001982;0.017308;0.005857;0.001982
0.020210;0.006837;0.002313;0.020210;0.006837;0.002313
0.041113;0.013906;0.004704;0.041113;0.013906;0.004704
0.050687;0.017141;0.005797;0.050687;0.017141;0.005797
0.028623;0.009678;0.003272;0.028623;0.009678;0.003272
0.013587;0.004593;0.001552;0.013587;0.004593;0.001552
0.043713;0.014774;0.004993;0.043713;0.014774;0.004993
0.037023;0.012510;0.004227;0.037023;0.012510;0.004227
0.025017;0.008452;0.002855;0.025017;0.008452;0.002855
0.017373;0.005868;0.001982;0.017373;0.005868;0.001982
0.031526;0.010646;0.003595;0.031526;0.010646;0.003595
0.021612;0.007297;0.002464;0.021612;0.007297;0.002464
0.009554;0.003225;0.001089;0.009554;0.003225;0.001089
0.027578;0.009307;0.003141;0.027578;0.009307;0.003141
0.033477;0.011296;0.003811;0.033477;0.011296;0.003811
0.017529;0.005914;0.001995;0.017529;0.005914;0.001995
0.006986;0.002356;0.000795;0.006986;0.002356;0.000795
0.010221;0.003447;0.001162;0.010221;0.003447;0.001162
0.008723;0.002941;0.000992;0.008723;0.002941;0.000992
0.011974;0.004036;0.001360;0.011974;0.004036;0.001360
0.018140;0.006113;0.002060;0.018140;0.006113;0.002060
0.021973;0.007404;0.002495;0.021973;0.007404;0.002495
0.020372;0.006863;0.002312;0.020372;0.006863;0.002312
0.013622;0.004588;0.001545;0.013622;0.004588;0.001545
0.016135;0.005433;0.001829;0.016135;0.005433;0.001829
0.022677;0.007635;0.002570;0.022677;0.007635;0.002570
0.016733;0.005632;0.001896;0.016733;0.005632;0.001896
0.013881;0.004671;0.001572;0.013881;0.004671;0.001572
0.015437;0.005194;0.001747;0.015437;0.005194;0.001747
0.032016;0.010770;0.003623;0.032016;0.010770;0.003623
0.029760;0.010009;0.003366;0.029760;0.010009;0.003366
0.018188;0.006116;0.002056;0.018188;0.006116;0.002056
0.021811;0.007333;0.002465;0.021811;0.007333;0.002465
0.029614;0.009954;0.003346;0.029614;0.009954;0.003346
0.034681;0.011655;0.003917;0.034681;0.011655;0.003917
0.037851;0.012717;0.004273;0.037851;0.012717;0.004273
0.019942;0.006699;0.002250;0.019942;0.006699;0.002250
0.012229;0.004107;0.001379;0.012229;0.004107;0.001379
0.009966;0.003346;0.001124;0.009966;0.003346;0.001124
0.012038;0.004041;0.001357;0.012038;0.004041;0.001357
0.023608;0.007924;0.002660;0.023608;0.007924;0.002660
0.022238;0.007463;0.002504;0.022238;0.007463;0.002504
0.014298;0.004797;0.001610;0.014298;0.004797;0.001610
0.019291;0.006471;0.002171;0.019291;0.006471;0.002171
0.011992;0.004022;0.001349;0.011992;0.004022;0.001349
0.010613;0.003558;0.001193;0.010613;0.003558;0.001193
0.013946;0.004675;0.001567;0.013946;0.004675;0.001567
0.011973;0.004013;0.001345;0.011973;0.004013;0.001345
0.014426;0.004834;0.001620;0.014426;0.004834;0.001620
0.017170;0.005753;0.001927;0.017170;0.005753;0.001927
0.013284;0.004450;0.001491;0.013284;0.004450;0.001491
0.009767;0.003271;0.001095;0.009767;0.003271;0.001095
0.011233;0.003761;0.001259;0.011233;0.003761;0.001259
0.015022;0.005029;0.001683;0.015022;0.005029;0.001683
0.027155;0.009089;0.003042;0.027155;0.009089;0.003042
0.026845;0.008983;0.003006;0.026845;0.008983;0.003006
0.015009;0.005021;0.001680;0.015009;0.005021;0.001680
0.010011;0.003349;0.001120;0.010011;0.003349;0.001120
0.005137;0.001718;0.000574;0.005137;0.001718;0.000574
0.004584;0.001533;0.000513;0.004584;0.001533;0.000513
0.011211;0.003748;0.001253;0.011211;0.003748;0.001253
0.014392;0.004810;0.001608;0.014392;0.004810;0.001608
0.012814;0.004282;0.001431;0.012814;0.004282;0.001431
0.011123;0.003716;0.001241;0.011123;0.003716;0.001241
0.006229;0.002081;0.000695;0.006229;0.002081;0.000695
0.003397;0.001135;0.000379;0.003397;0.001135;0.000379
0.003508;0.001171;0.000391;0.003508;0.001171;0.000391
0.008994;0.003002;0.001002;0.008994;0.003002;0.001002
0.014649;0.004889;0.001632;0.014649;0.004889;0.001632
0.011379;0.003797;0.001267;0.011379;0.003797;0.001267
0.005687;0.001897;0.000633;0.005687;0.001897;0.000633
0.004411;0.001471;0.000491;0.004411;0.001471;0.000491
0.005210;0.001738;0.000579;0.005210;0.001738;0.000579
0.004347;0.001450;0.000483;0.004347;0.001450;0.000483
0.005114;0.001705;0.000568;0.005114;0.001705;0.000568
0.010000;0.003333;0.001111;0.010000;0.003333;0.001111
0.010518;0.003505;0.001168;0.010518;0.003505;0.001168
0.005817;0.001938;0.000646;0.005817;0.001938;0.000646
0.008706;0.002900;0.000966;0.008706;0.002900;0.000966
0.012969;0.004319;0.001438;0.012969;0.004319;0.001438
0.010989;0.003659;0.001218;0.010989;0.003659;0.001218
0.008025;0.002671;0.000889;0.008025;0.002671;0.000889
0.006630;0.002207;0.000734;0.006630;0.002207;0.000734
0.010768;0.003583;0.001192;0.010768;0.003583;0.001192
0.017061;0.005676;0.001888;0.017061;0.005676;0.001888
0.013849;0.004606;0.001532;0.013849;0.004606;0.001532
0.012301;0.004091;0.001360;0.012301;0.004091;0.001360
0.016527;0.005495;0.001827;0.016527;0.005495;0.001827
0.009724;0.003232;0.001074;0.009724;0.003232;0.001074
0.015587;0.005180;0.001722;0.015587;0.005180;0.001722
0.014733;0.004895;0.001627;0.014733;0.004895;0.001627
0.009970;0.003312;0.001100;0.009970;0.003312;0.001100
0.015815;0.005253;0.001745;0.015815;0.005253;0.001745
0.020198;0.006707;0.002227;0.020198;0.006707;0.002227
0.014083;0.004676;0.001553;0.014083;0.004676;0.001553
0.010916;0.003624;0.001203;0.010916;0.003624;0.001203
0.010969;0.003640;0.001208;0.010969;0.003640;0.001208
0.008929;0.002963;0.000983;0.008929;0.002963;0.000983
0.012428;0.004123;0.001368;0.012428;0.004123;0.001368
0.019335;0.006413;0.002127;0.019335;0.006413;0.002127
0.023341;0.007740;0.002567;0.023341;0.007740;0.002567
0.028026;0.009292;0.003081;0.028026;0.009292;0.003081
0.026329;0.008728;0.002893;0.026329;0.008728;0.002893
0.017724;0.005874;0.001947;0.017724;0.005874;0.001947
0.019407;0.006430;0.002131;0.019407;0.006430;0.002131
0.022511;0.007458;0.002471;0.022511;0.007458;0.002471
0.018931;0.006270;0.002077;0.018931;0.006270;0.002077
0.020503;0.006790;0.002248;0.020503;0.006790;0.002248
0.015761;0.005218;0.001728;0.015761;0.005218;0.001728
0.016514;0.005467;0.001810;0.016514;0.005467;0.001810
0.016244;0.005376;0.001779;0.016244;0.005376;0.001779
0.007571;0.002505;0.000829;0.007571;0.002505;0.000829
0.009771;0.003232;0.001069;0.009771;0.003232;0.001069
0.010765;0.003561;0.001178;0.010765;0.003561;0.001178
0.012572;0.004157;0.001375;0.012572;0.004157;0.001375
0.013371;0.004421;0.001462;0.013371;0.004421;0.001462
0.015680;0.005183;0.001713;0.015680;0.005183;0.001713
0.016194;0.005352;0.001769;0.016194;0.005352;0.001769
0.014788;0.004886;0.001615;0.014788;0.004886;0.001615
0.023113;0.007635;0.002522;0.023113;0.007635;0.002522
0.020162;0.006660;0.002200;0.020162;0.006660;0.002200
0.008495;0.002805;0.000927;0.008495;0.002805;0.000927
0.006928;0.002287;0.000755;0.006928;0.002287;0.000755
0.008112;0.002678;0.000884;0.008112;0.002678;0.000884
0.009231;0.003046;0.001005;0.009231;0.003046;0.001005
0.013888;0.004582;0.001512;0.013888;0.004582;0.001512
0.017269;0.005697;0.001879;0.017269;0.005697;0.001879
0.021402;0.007059;0.002328;0.021402;0.007059;0.002328
0.019100;0.006299;0.002077;0.019100;0.006299;0.002077
0.006764;0.002230;0.000735;0.006764;0.002230;0.000735
0.005064;0.001669;0.000550;0.005064;0.001669;0.000550
0.011767;0.003878;0.001278;0.011767;0.003878;0.001278
0.009409;0.003100;0.001022;0.009409;0.003100;0.001022
0.006094;0.002007;0.000661;0.006094;0.002007;0.000661
0.008902;0.002932;0.000966;0.008902;0.002932;0.000966
0.002520;0.000830;0.000273;0.002520;0.000830;0.000273
0.002955;0.000973;0.000320;0.002955;0.000973;0.000320
0.004196;0.001381;0.000455;0.004196;0.001381;0.000455
0.011344;0.003733;0.001229;0.011344;0.003733;0.001229
0.018538;0.006100;0.002007;0.018538;0.006100;0.002007
0.014933;0.004913;0.001616;0.014933;0.004913;0.001616
0.012450;0.004095;0.001347;0.012450;0.004095;0.001347
0.013276;0.004366;0.001436;0.013276;0.004366;0.001436
0.014919;0.004905;0.001613;0.014919;0.004905;0.001613
0.014307;0.004703;0.001546;0.014307;0.004703;0.001546
0.008564;0.002815;0.000925;0.008564;0.002815;0.000925
0.006142;0.002018;0.000663;0.006142;0.002018;0.000663
0.013074;0.004295;0.001411;0.013074;0.004295;0.001411
0.015695;0.005155;0.001693;0.015695;0.005155;0.001693
0.011178;0.003671;0.001205;0.011178;0.003671;0.001205
0.010627;0.003489;0.001146;0.010627;0.003489;0.001146
0.012425;0.004079;0.001339;0.012425;0.004079;0.001339
0.009127;0.002996;0.000983;0.009127;0.002996;0.000983
0.009154;0.003004;0.000986;0.009154;0.003004;0.000986
0.019795;0.006494;0.002130;0.019795;0.006494;0.002130
0.017895;0.005870;0.001925;0.017895;0.005870;0.001925
0.007747;0.002541;0.000833;0.007747;0.002541;0.000833
0.005743;0.001883;0.000617;0.005743;0.001883;0.000617
0.005110;0.001675;0.000549;0.005110;0.001675;0.000549
0.006763;0.002217;0.000726;0.006763;0.002217;0.000726
0.009578;0.003139;0.001028;0.009578;0.003139;0.001028
0.022226;0.007281;0.002385;0.022226;0.007281;0.002385
0.032000;0.010482;0.003433;0.032000;0.010482;0.003433
0.031897;0.010446;0.003421;0.031897;0.010446;0.003421
0.021155;0.006927;0.002268;0.021155;0.006927;0.002268
0.018251;0.005974;0.001956;0.018251;0.005974;0.001956
0.011993;0.003925;0.001285;0.011993;0.003925;0.001285
0.010371;0.003394;0.001111;0.010371;0.003394;0.001111
0.017817;0.005829;0.001907;0.017817;0.005829;0.001907
0.011120;0.003638;0.001190;0.011120;0.003638;0.001190
0.019561;0.006397;0.002092;0.019561;0.006397;0.002092
0.023880;0.007808;0.002553;0.023880;0.007808;0.002553
0.023592;0.007712;0.002521;0.023592;0.007712;0.002521
0.026028;0.008507;0.002780;0.026028;0.008507;0.002780
0.017125;0.005596;0.001829;0.017125;0.005596;0.001829
0.011191;0.003656;0.001194;0.011191;0.003656;0.001194
0.018334;0.005989;0.001956;0.018334;0.005989;0.001956
0.019073;0.006229;0.002034;0.019073;0.006229;0.002034
0.020581;0.006720;0.002194;0.020581;0.006720;0.002194
0.026998;0.008814;0.002877;0.026998;0.008814;0.002877
0.018916;0.006174;0.002015;0.018916;0.006174;0.002015
0.010212;0.003332;0.001087;0.010212;0.003332;0.001087
0.008131;0.002653;0.000865;0.008131;0.002653;0.000865
0.012438;0.004057;0.001323;0.012438;0.004057;0.001323
0.022363;0.007293;0.002378;0.022363;0.007293;0.002378
0.027325;0.008910;0.002905;0.027325;0.008910;0.002905
0.004574;0.001491;0.000486;0.004574;0.001491;0.000486
0.012374;0.004033;0.001315;0.012374;0.004033;0.001315
0.016656;0.005428;0.001769;0.016656;0.005428;0.001769
0.019495;0.006351;0.002069;0.019495;0.006351;0.002069
0.021164;0.006894;0.002246;0.021164;0.006894;0.002246
0.011911;0.003879;0.001263;0.011911;0.003879;0.001263
0.030317;0.009871;0.003214;0.030317;0.009871;0.003214
0.042955;0.013984;0.004553;0.042955;0.013984;0.004553
0.021831;0.007106;0.002313;0.021831;0.007106;0.002313
0.018154;0.005908;0.001922;0.018154;0.005908;0.001922
0.018273;0.005945;0.001934;0.018273;0.005945;0.001934
0.012850;0.004180;0.001360;0.012850;0.004180;0.001360
0.011998;0.003902;0.001269;0.011998;0.003902;0.001269
0.010729;0.003489;0.001134;0.010729;0.003489;0.001134
0.012644;0.004111;0.001336;0.012644;0.004111;0.001336
0.022266;0.007237;0.002352;0.022266;0.007237;0.002352
0.023099;0.007507;0.002440;0.023099;0.007507;0.002440
0.011672;0.003792;0.001232;0.011672;0.003792;0.001232
0.005544;0.001801;0.000585;0.005544;0.001801;0.000585
0.004436;0.001441;0.000468;0.004436;0.001441;0.000468
0.004097;0.001330;0.000432;0.004097;0.001330;0.000432
0.014566;0.004729;0.001535;0.014566;0.004729;0.001535
0.016165;0.005247;0.001703;0.016165;0.005247;0.001703
0.004375;0.001420;0.000461;0.004375;0.001420;0.000461
0.009556;0.003101;0.001006;0.009556;0.003101;0.001006
0.006523;0.002116;0.000686;0.006523;0.002116;0.000686
0.008559;0.002776;0.000900;0.008559;0.002776;0.000900
0.008934;0.002897;0.000940;0.008934;0.002897;0.000940
0.007444;0.002414;0.000783;0.007444;0.002414;0.000783
0.009283;0.003009;0.000975;0.009283;0.003009;0.000975
0.012465;0.004040;0.001309;0.012465;0.004040;0.001309
0.011040;0.003577;0.001159;0.011040;0.003577;0.001159
0.011996;0.003886;0.001259;0.011996;0.003886;0.001259
0.012596;0.004080;0.001321;0.012596;0.004080;0.001321
0.013680;0.004430;0.001435;0.013680;0.004430;0.001435
0.012390;0.004012;0.001299;0.012390;0.004012;0.001299
0.008497;0.002751;0.000890;0.008497;0.002751;0.000890
0.008902;0.002881;0.000932;0.008902;0.002881;0.000932
0.014520;0.004698;0.001520;0.014520;0.004698;0.001520
0.017498;0.005661;0.001831;0.017498;0.005661;0.001831
0.017326;0.005604;0.001813;0.017326;0.005604;0.001813
0.018668;0.006037;0.001952;0.018668;0.006037;0.001952
0.015055;0.004868;0.001574;0.015055;0.004868;0.001574
0.009349;0.003022;0.000977;0.009349;0.003022;0.000977
0.013901;0.004493;0.001452;0.013901;0.004493;0.001452
0.011714;0.003785;0.001223;0.011714;0.003785;0.001223
0.011135;0.003598;0.001162;0.011135;0.003598;0.001162
0.017369;0.005610;0.001812;0.017369;0.005610;0.001812
0.032136;0.010379;0.003352;0.032136;0.010379;0.003352
0.015366;0.004961;0.001602;0.015366;0.004961;0.001602
0.029625;0.009564;0.003087;0.029625;0.009564;0.003087
0.029800;0.009618;0.003104;0.029800;0.009618;0.003104
0.010736;0.003464;0.001118;0.010736;0.003464;0.001118
0.010283;0.003318;0.001070;0.010283;0.003318;0.001070
0.009072;0.002927;0.000944;0.009072;0.002927;0.000944
0.005295;0.001708;0.000551;0.005295;0.001708;0.000551
0.010975;0.003539;0.001141;0.010975;0.003539;0.001141
0.015709;0.005064;0.001633;0.015709;0.005064;0.001633
0.008828;0.002845;0.000917;0.008828;0.002845;0.000917
0.011339;0.003654;0.001178;0.011339;0.003654;0.001178
0.015859;0.005110;0.001646;0.015859;0.005110;0.001646
0.011519;0.003711;0.001195;0.011519;0.003711;0.001195
0.008825;0.002842;0.000915;0.008825;0.002842;0.000915
0.007452;0.002400;0.000773;0.007452;0.002400;0.000773
0.012109;0.003898;0.001255;0.012109;0.003898;0.001255
0.020266;0.006523;0.002100;0.020266;0.006523;0.002100
0.017510;0.005635;0.001814;0.017510;0.005635;0.001814
0.007776;0.002502;0.000805;0.007776;0.002502;0.000805
0.005835;0.001877;0.000604;0.005835;0.001877;0.000604
0.011742;0.003777;0.001215;0.011742;0.003777;0.001215
0.016168;0.005199;0.001672;0.016168;0.005199;0.001672
0.017288;0.005558;0.001787;0.017288;0.005558;0.001787
0.015362;0.004938;0.001587;0.015362;0.004938;0.001587
0.016453;0.005288;0.001699;0.016453;0.005288;0.001699
0.014117;0.004536;0.001458;0.014117;0.004536;0.001458
0.004147;0.001332;0.000428;0.004147;0.001332;0.000428
0.007469;0.002399;0.000771;0.007469;0.002399;0.000771
0.005133;0.001648;0.000529;0.005133;0.001648;0.000529
0.015715;0.005046;0.001620;0.015715;0.005046;0.001620
0.022936;0.007363;0.002363;0.022936;0.007363;0.002363
0.005694;0.001828;0.000587;0.005694;0.001828;0.000587
0.018819;0.006039;0.001938;0.018819;0.006039;0.001938
0.019813;0.006357;0.002039;0.019813;0.006357;0.002039
0.016279;0.005222;0.001675;0.016279;0.005222;0.001675
0.017078;0.005477;0.001756;0.017078;0.005477;0.001756
0.008111;0.002601;0.000834;0.008111;0.002601;0.000834
0.010204;0.003271;0.001049;0.010204;0.003271;0.001049
0.017447;0.005592;0.001792;0.017447;0.005592;0.001792
0.017219;0.005518;0.001768;0.017219;0.005518;0.001768
0.024774;0.007937;0.002543;0.024774;0.007937;0.002543
0.021340;0.006836;0.002190;0.021340;0.006836;0.002190
0.017801;0.005701;0.001826;0.017801;0.005701;0.001826
0.026728;0.008558;0.002740;0.026728;0.008558;0.002740
0.018332;0.005869;0.001879;0.018332;0.005869;0.001879
0.015413;0.004933;0.001579;0.015413;0.004933;0.001579
0.023414;0.007493;0.002398;0.023414;0.007493;0.002398
0.013588;0.004348;0.001391;0.013588;0.004348;0.001391
0.019980;0.006392;0.002045;0.019980;0.006392;0.002045
0.029740;0.009512;0.003042;0.029740;0.009512;0.003042
0.020700;0.006619;0.002117;0.020700;0.006619;0.002117
0.023893;0.007639;0.002442;0.023893;0.007639;0.002442
0.024955;0.007977;0.002550;0.024955;0.007977;0.002550
0.001369;0.000438;0.000140;0.001369;0.000438;0.000140
0.014236;0.004549;0.001453;0.014236;0.004549;0.001453
0.008339;0.002664;0.000851;0.008339;0.002664;0.000851
0.013092;0.004182;0.001336;0.013092;0.004182;0.001336
0.027275;0.008710;0.002781;0.027275;0.008710;0.002781
0.017063;0.005448;0.001740;0.017063;0.005448;0.001740
0.008839;0.002822;0.000901;0.008839;0.002822;0.000901
0.007875;0.002513;0.000802;0.007875;0.002513;0.000802
0.005678;0.001812;0.000578;0.005678;0.001812;0.000578
0.011894;0.003794;0.001210;0.011894;0.003794;0.001210
0.014555;0.004643;0.001481;0.014555;0.004643;0.001481
0.007919;0.002526;0.000806;0.007919;0.002526;0.000806
0.006701;0.002137;0.000681;0.006701;0.002137;0.000681
0.007225;0.002303;0.000734;0.007225;0.002303;0.000734
0.005785;0.001844;0.000588;0.005785;0.001844;0.000588
0.007229;0.002303;0.000734;0.007229;0.002303;0.000734
0.005551;0.001769;0.000563;0.005551;0.001769;0.000563
0.005566;0.001773;0.000565;0.005566;0.001773;0.000565
0.015120;0.004815;0.001534;0.015120;0.004815;0.001534
0.013973;0.004449;0.001417;0.013973;0.004449;0.001417
0.006227;0.001982;0.000631;0.006227;0.001982;0.000631
0.016193;0.005154;0.001641;0.016193;0.005154;0.001641
0.013143;0.004182;0.001331;0.013143;0.004182;0.001331
0.017528;0.005577;0.001774;0.017528;0.005577;0.001774
0.010134;0.003224;0.001026;0.010134;0.003224;0.001026
0.005179;0.001647;0.000524;0.005179;0.001647;0.000524
0.010811;0.003438;0.001093;0.010811;0.003438;0.001093
0.023065;0.007333;0.002331;0.023065;0.007333;0.002331
0.010504;0.003339;0.001061;0.010504;0.003339;0.001061
0.019048;0.006054;0.001924;0.019048;0.006054;0.001924
0.015474;0.004917;0.001562;0.015474;0.004917;0.001562
0.016238;0.005159;0.001639;0.016238;0.005159;0.001639
0.013061;0.004149;0.001318;0.013061;0.004149;0.001318
0.015441;0.004903;0.001557;0.015441;0.004903;0.001557
0.013899;0.004413;0.001401;0.013899;0.004413;0.001401
0.011085;0.003519;0.001117;0.011085;0.003519;0.001117
0.011885;0.003772;0.001197;0.011885;0.003772;0.001197
0.016154;0.005126;0.001627;0.016154;0.005126;0.001627
0.017740;0.005628;0.001786;0.017740;0.005628;0.001786
0.010106;0.003206;0.001017;0.010106;0.003206;0.001017
0.003285;0.001042;0.000330;0.003285;0.001042;0.000330
0.009095;0.002884;0.000914;0.009095;0.002884;0.000914
0.018991;0.006020;0.001909;0.018991;0.006020;0.001909
0.019523;0.006188;0.001961;0.019523;0.006188;0.001961
0.012400;0.003930;0.001245;0.012400;0.003930;0.001245
0.008757;0.002775;0.000879;0.008757;0.002775;0.000879
0.004445;0.001408;0.000446;0.004445;0.001408;0.000446
0.016461;0.005213;0.001651;0.016461;0.005213;0.001651
0.028499;0.009024;0.002858;0.028499;0.009024;0.002858
0.021709;0.006873;0.002176;0.021709;0.006873;0.002176
0.012814;0.004056;0.001284;0.012814;0.004056;0.001284
0.010709;0.003389;0.001073;0.010709;0.003389;0.001073
0.010742;0.003399;0.001076;0.010742;0.003399;0.001076
0.018147;0.005741;0.001816;0.018147;0.005741;0.001816
0.012642;0.003999;0.001265;0.012642;0.003999;0.001265
0.006611;0.002091;0.000661;0.006611;0.002091;0.000661
0.004797;0.001517;0.000480;0.004797;0.001517;0.000480
0.011890;0.003758;0.001188;0.011890;0.003758;0.001188
0.018466;0.005836;0.001845;0.018466;0.005836;0.001845
0.016000;0.005056;0.001598;0.016000;0.005056;0.001598
0.017287;0.005462;0.001725;0.017287;0.005462;0.001725
0.009937;0.003139;0.000992;0.009937;0.003139;0.000992
0.010457;0.003302;0.001043;0.010457;0.003302;0.001043
0.009759;0.003082;0.000973;0.009759;0.003082;0.000973
0.004698;0.001483;0.000468;0.004698;0.001483;0.000468
0.006516;0.002057;0.000649;0.006516;0.002057;0.000649
0.011495;0.003627;0.001145;0.011495;0.003627;0.001145
0.009685;0.003056;0.000964;0.009685;0.003056;0.000964
0.005247;0.001655;0.000522;0.005247;0.001655;0.000522
0.008401;0.002650;0.000836;0.008401;0.002650;0.000836
0.008152;0.002570;0.000810;0.008152;0.002570;0.000810
0.017777;0.005604;0.001767;0.017777;0.005604;0.001767
0.016020;0.005050;0.001592;0.016020;0.005050;0.001592
0.006888;0.002171;0.000684;0.006888;0.002171;0.000684
0.010280;0.003239;0.001021;0.010280;0.003239;0.001021
0.027938;0.008801;0.002773;0.027938;0.008801;0.002773
0.031685;0.009980;0.003143;0.031685;0.009980;0.003143
0.024582;0.007741;0.002438;0.024582;0.007741;0.002438
0.014848;0.004675;0.001472;0.014848;0.004675;0.001472
0.010024;0.003155;0.000993;0.010024;0.003155;0.000993
0.015912;0.005008;0.001576;0.015912;0.005008;0.001576
0.024289;0.007643;0.002405;0.024289;0.007643;0.002405
0.036945;0.011623;0.003657;0.036945;0.011623;0.003657
0.022146;0.006966;0.002191;0.022146;0.006966;0.002191
0.019099;0.006006;0.001889;0.019099;0.006006;0.001889
0.020250;0.006367;0.002002;0.020250;0.006367;0.002002
0.012210;0.003839;0.001207;0.012210;0.003839;0.001207
0.017497;0.005499;0.001728;0.017497;0.005499;0.001728
0.025195;0.007917;0.002488;0.025195;0.007917;0.002488
0.017454;0.005484;0.001723;0.017454;0.005484;0.001723
0.015789;0.004960;0.001558;0.015789;0.004960;0.001558
0.024297;0.007631;0.002397;0.024297;0.007631;0.002397
0.020359;0.006393;0.002008;0.020359;0.006393;0.002008
0.018243;0.005727;0.001798;0.018243;0.005727;0.001798
0.027588;0.008660;0.002718;0.027588;0.008660;0.002718
0.024566;0.007710;0.002420;0.024566;0.007710;0.002420
0.031396;0.009851;0.003091;0.031396;0.009851;0.003091
0.027791;0.008719;0.002735;0.027791;0.008719;0.002735
0.025052;0.007858;0.002465;0.025052;0.007858;0.002465
0.026149;0.008200;0.002572;0.026149;0.008200;0.002572
0.026920;0.008440;0.002646;0.026920;0.008440;0.002646
0.026528;0.008316;0.002607;0.026528;0.008316;0.002607
0.020194;0.006329;0.001984;0.020194;0.006329;0.001984
0.023856;0.007476;0.002343;0.023856;0.007476;0.002343
0.005051;0.001583;0.000496;0.005051;0.001583;0.000496
0.007613;0.002385;0.000747;0.007613;0.002385;0.000747
0.007176;0.002247;0.000704;0.007176;0.002247;0.000704
0.011102;0.003476;0.001089;0.011102;0.003476;0.001089
0.003707;0.001161;0.000363;0.003707;0.001161;0.000363
0.008887;0.002782;0.000871;0.008887;0.002782;0.000871
0.006698;0.002096;0.000656;0.006698;0.002096;0.000656
0.018904;0.005915;0.001850;0.018904;0.005915;0.001850
0.018771;0.005872;0.001837;0.018771;0.005872;0.001837
0.016419;0.005135;0.001606;0.016419;0.005135;0.001606
0.018244;0.005705;0.001784;0.018244;0.005705;0.001784
0.014348;0.004486;0.001403;0.014348;0.004486;0.001403
0.012987;0.004060;0.001269;0.012987;0.004060;0.001269
0.016154;0.005049;0.001578;0.016154;0.005049;0.001578
0.013454;0.004204;0.001314;0.013454;0.004204;0.001314
0.016423;0.005130;0.001603;0.016423;0.005130;0.001603
0.029282;0.009146;0.002857;0.029282;0.009146;0.002857
0.025439;0.007945;0.002481;0.025439;0.007945;0.002481
0.030657;0.009572;0.002989;0.030657;0.009572;0.002989
0.046508;0.014519;0.004533;0.046508;0.014519;0.004533
0.026959;0.008415;0.002626;0.026959;0.008415;0.002626
0.006501;0.002029;0.000633;0.006501;0.002029;0.000633
0.009223;0.002878;0.000898;0.009223;0.002878;0.000898
0.006098;0.001902;0.000593;0.006098;0.001902;0.000593
0.008004;0.002496;0.000779;0.008004;0.002496;0.000779
0.019685;0.006138;0.001914;0.019685;0.006138;0.001914
0.017203;0.005363;0.001672;0.017203;0.005363;0.001672
0.008145;0.002539;0.000791;0.008145;0.002539;0.000791
0.025436;0.007927;0.002470;0.025436;0.007927;0.002470
0.027538;0.008581;0.002674;0.027538;0.008581;0.002674
0.025971;0.008091;0.002521;0.025971;0.008091;0.002521
0.020352;0.006339;0.001975;0.020352;0.006339;0.001975
0.018291;0.005696;0.001774;0.018291;0.005696;0.001774
0.026386;0.008215;0.002558;0.026386;0.008215;0.002558
0.029751;0.009261;0.002883;0.029751;0.009261;0.002883
0.022933;0.007138;0.002222;0.022933;0.007138;0.002222
0.014566;0.004533;0.001411;0.014566;0.004533;0.001411
0.023542;0.007324;0.002279;0.023542;0.007324;0.002279
0.025749;0.008010;0.002492;0.025749;0.008010;0.002492
0.014466;0.004499;0.001399;0.014466;0.004499;0.001399
0.017302;0.005380;0.001673;0.017302;0.005380;0.001673
0.019153;0.005954;0.001851;0.019153;0.005954;0.001851
0.033644;0.010457;0.003250;0.033644;0.010457;0.003250
0.039417;0.012250;0.003807;0.039417;0.012250;0.003807
0.023245;0.007223;0.002244;0.023245;0.007223;0.002244
0.012310;0.003824;0.001188;0.012310;0.003824;0.001188
0.010658;0.003310;0.001028;0.010658;0.003310;0.001028
0.010840;0.003366;0.001045;0.010840;0.003366;0.001045
0.025499;0.007917;0.002458;0.025499;0.007917;0.002458
0.042017;0.013043;0.004049;0.042017;0.013043;0.004049
0.005944;0.001845;0.000573;0.005944;0.001845;0.000573
0.048235;0.014968;0.004645;0.048235;0.014968;0.004645
0.027642;0.008576;0.002661;0.027642;0.008576;0.002661
0.024892;0.007721;0.002395;0.024892;0.007721;0.002395
0.026834;0.008322;0.002581;0.026834;0.008322;0.002581
0.031572;0.009790;0.003036;0.031572;0.009790;0.003036
0.013135;0.004072;0.001263;0.013135;0.004072;0.001263
0.031538;0.009775;0.003030;0.031538;0.009775;0.003030
0.030705;0.009516;0.002949;0.030705;0.009516;0.002949
0.033887;0.010499;0.003253;0.033887;0.010499;0.003253
0.035358;0.010954;0.003393;0.035358;0.010954;0.003393
0.028171;0.008725;0.002703;0.028171;0.008725;0.002703
0.028955;0.008966;0.002777;0.028955;0.008966;0.002777
0.031233;0.009670;0.002994;0.031233;0.009670;0.002994
0.039290;0.012162;0.003765;0.039290;0.012162;0.003765
0.039288;0.012160;0.003764;0.039288;0.012160;0.003764
0.019827;0.006135;0.001898;0.019827;0.006135;0.001898
0.027864;0.008621;0.002667;0.027864;0.008621;0.002667
0.032063;0.009918;0.003068;0.032063;0.009918;0.003068
0.041231;0.012751;0.003944;0.041231;0.012751;0.003944
0.044038;0.013617;0.004210;0.044038;0.013617;0.004210
0.059396;0.018363;0.005677;0.059396;0.018363;0.005677
0.008740;0.002701;0.000835;0.008740;0.002701;0.000835
0.055503;0.017152;0.005301;0.055503;0.017152;0.005301
0.062866;0.019424;0.006002;0.062866;0.019424;0.006002
0.083989;0.025946;0.008015;0.083989;0.025946;0.008015
0.031711;0.009795;0.003025;0.031711;0.009795;0.003025
0.072697;0.022449;0.006932;0.072697;0.022449;0.006932
0.079360;0.024502;0.007565;0.079360;0.024502;0.007565
0.081228;0.025074;0.007740;0.081228;0.025074;0.007740
0.065929;0.020348;0.006280;0.065929;0.020348;0.006280
0.127787;0.039431;0.012167;0.127787;0.039431;0.012167
0.109555;0.033800;0.010428;0.109555;0.033800;0.010428
0.067612;0.020856;0.006433;0.067612;0.020856;0.006433
0.075100;0.023160;0.007143;0.075100;0.023160;0.007143
0.040734;0.012561;0.003874;0.040734;0.012561;0.003874
0.025519;0.007867;0.002425;0.025519;0.007867;0.002425
0.030586;0.009428;0.002906;0.030586;0.009428;0.002906
0.030498;0.009398;0.002896;0.030498;0.009398;0.002896
0.043567;0.013424;0.004136;0.043567;0.013424;0.004136
0.031424;0.009681;0.002983;0.031424;0.009681;0.002983
0.031689;0.009759;0.003005;0.031689;0.009759;0.003005
0.076927;0.023689;0.007295;0.076927;0.023689;0.007295
0.063005;0.019399;0.005973;0.063005;0.019399;0.005973
0.068258;0.021011;0.006468;0.068258;0.021011;0.006468
0.093439;0.028758;0.008851;0.093439;0.028758;0.008851
0.038497;0.011846;0.003645;0.038497;0.011846;0.003645
0.047883;0.014731;0.004532;0.047883;0.014731;0.004532
0.073291;0.022544;0.006935;0.073291;0.022544;0.006935
0.070796;0.021773;0.006696;0.070796;0.021773;0.006696
0.044245;0.013605;0.004183;0.044245;0.013605;0.004183
0.075990;0.023362;0.007182;0.075990;0.023362;0.007182
0.023886;0.007342;0.002257;0.023886;0.007342;0.002257
0.078620;0.024161;0.007425;0.078620;0.024161;0.007425
0.055880;0.017170;0.005276;0.055880;0.017170;0.005276
0.053957;0.016576;0.005092;0.053957;0.016576;0.005092
0.056042;0.017213;0.005287;0.056042;0.017213;0.005287
0.044347;0.013619;0.004182;0.044347;0.013619;0.004182
0.024547;0.007537;0.002314;0.024547;0.007537;0.002314
0.038312;0.011760;0.003610;0.038312;0.011760;0.003610
0.037686;0.011567;0.003550;0.037686;0.011567;0.003550
0.033174;0.010180;0.003124;0.033174;0.010180;0.003124
0.042001;0.012886;0.003953;0.042001;0.012886;0.003953
0.029806;0.009144;0.002805;0.029806;0.009144;0.002805
0.025082;0.007692;0.002359;0.025082;0.007692;0.002359
0.033651;0.010319;0.003164;0.033651;0.010319;0.003164
0.018411;0.005644;0.001730;0.018411;0.005644;0.001730
0.011216;0.003438;0.001054;0.011216;0.003438;0.001054
0.014124;0.004328;0.001326;0.014124;0.004328;0.001326
0.023006;0.007049;0.002160;0.023006;0.007049;0.002160
0.022910;0.007018;0.002150;0.022910;0.007018;0.002150
0.029152;0.008929;0.002735;0.029152;0.008929;0.002735
0.023235;0.007115;0.002179;0.023235;0.007115;0.002179
0.028661;0.008775;0.002687;0.028661;0.008775;0.002687
0.033491;0.010252;0.003139;0.033491;0.010252;0.003139
0.009159;0.002803;0.000858;0.009159;0.002803;0.000858
0.009011;0.002757;0.000844;0.009011;0.002757;0.000844
0.022642;0.006927;0.002119;0.022642;0.006927;0.002119
0.037513;0.011475;0.003510;0.037513;0.011475;0.003510
0.017431;0.005331;0.001631;0.017431;0.005331;0.001631
0.013472;0.004120;0.001260;0.013472;0.004120;0.001260
0.008473;0.002590;0.000792;0.008473;0.002590;0.000792
0.008951;0.002736;0.000836;0.008951;0.002736;0.000836
0.019972;0.006104;0.001865;0.019972;0.006104;0.001865
0.023946;0.007317;0.002236;0.023946;0.007317;0.002236
0.014776;0.004514;0.001379;0.014776;0.004514;0.001379
0.020863;0.006372;0.001946;0.020863;0.006372;0.001946
0.035578;0.010865;0.003318;0.035578;0.010865;0.003318
0.050942;0.015554;0.004749;0.050942;0.015554;0.004749
0.056206;0.017159;0.005238;0.056206;0.017159;0.005238
0.052674;0.016077;0.004907;0.052674;0.016077;0.004907
0.062716;0.019138;0.005840;0.062716;0.019138;0.005840
0.061954;0.018903;0.005768;0.061954;0.018903;0.005768
0.036403;0.011105;0.003388;0.036403;0.011105;0.003388
0.033936;0.010351;0.003157;0.033936;0.010351;0.003157
0.022653;0.006908;0.002107;0.022653;0.006908;0.002107
0.011454;0.003492;0.001065;0.011454;0.003492;0.001065
0.023917;0.007290;0.002222;0.023917;0.007290;0.002222
0.033860;0.010320;0.003145;0.033860;0.010320;0.003145
0.050246;0.015311;0.004665;0.050246;0.015311;0.004665
0.057868;0.017630;0.005371;0.057868;0.017630;0.005371
0.033597;0.010234;0.003117;0.033597;0.010234;0.003117
0.066147;0.020145;0.006135;0.066147;0.020145;0.006135
0.071756;0.021849;0.006653;0.071756;0.021849;0.006653
0.041370;0.012595;0.003834;0.041370;0.012595;0.003834
0.025835;0.007864;0.002394;0.025835;0.007864;0.002394
0.022666;0.006898;0.002099;0.022666;0.006898;0.002099
0.018833;0.005730;0.001744;0.018833;0.005730;0.001744
0.037650;0.011453;0.003484;0.037650;0.011453;0.003484
0.034759;0.010572;0.003216;0.034759;0.010572;0.003216
0.023619;0.007183;0.002184;0.023619;0.007183;0.002184
0.019979;0.006075;0.001847;0.019979;0.006075;0.001847
0.025793;0.007840;0.002383;0.025793;0.007840;0.002383
0.035959;0.010929;0.003322;0.035959;0.010929;0.003322
0.037481;0.011390;0.003461;0.037481;0.011390;0.003461
0.036240;0.011010;0.003345;0.036240;0.011010;0.003345
0.050287;0.015275;0.004640;0.050287;0.015275;0.004640
0.060279;0.018307;0.005560;0.060279;0.018307;0.005560
0.037470;0.011378;0.003455;0.037470;0.011378;0.003455
0.022708;0.006894;0.002093;0.022708;0.006894;0.002093
0.045631;0.013851;0.004204;0.045631;0.013851;0.004204
0.031624;0.009598;0.002913;0.031624;0.009598;0.002913
0.025551;0.007753;0.002352;0.025551;0.007753;0.002352
0.046154;0.014002;0.004248;0.046154;0.014002;0.004248
0.041160;0.012485;0.003787;0.041160;0.012485;0.003787
0.040933;0.012413;0.003765;0.040933;0.012413;0.003765
0.065278;0.019793;0.006001;0.065278;0.019793;0.006001
0.052394;0.015883;0.004815;0.052394;0.015883;0.004815
0.052628;0.015952;0.004835;0.052628;0.015952;0.004835
0.068418;0.020733;0.006283;0.068418;0.020733;0.006283
0.049951;0.015135;0.004586;0.049951;0.015135;0.004586
0.054538;0.016521;0.005005;0.054538;0.016521;0.005005
0.050026;0.015152;0.004589;0.050026;0.015152;0.004589
0.055980;0.016952;0.005133;0.055980;0.016952;0.005133
0.061449;0.018604;0.005633;0.061449;0.018604;0.005633
0.063033;0.019081;0.005776;0.063033;0.019081;0.005776
0.035713;0.010809;0.003272;0.035713;0.010809;0.003272
0.032631;0.009874;0.002988;0.032631;0.009874;0.002988
0.036864;0.011153;0.003374;0.036864;0.011153;0.003374
0.039726;0.012017;0.003635;0.039726;0.012017;0.003635
0.052135;0.015767;0.004768;0.052135;0.015767;0.004768
0.058499;0.017689;0.005349;0.058499;0.017689;0.005349
0.054478;0.016470;0.004979;0.054478;0.016470;0.004979
0.036909;0.011157;0.003373;0.036909;0.011157;0.003373
0.015536;0.004695;0.001419;0.015536;0.004695;0.001419
0.022091;0.006675;0.002017;0.022091;0.006675;0.002017
0.046833;0.014148;0.004274;0.046833;0.014148;0.004274
0.046556;0.014062;0.004247;0.046556;0.014062;0.004247
0.037240;0.011246;0.003396;0.037240;0.011246;0.003396
0.046004;0.013890;0.004194;0.046004;0.013890;0.004194
0.042522;0.012837;0.003875;0.042522;0.012837;0.003875
0.059551;0.017974;0.005425;0.059551;0.017974;0.005425
0.026337;0.007948;0.002398;0.026337;0.007948;0.002398
0.043252;0.013050;0.003937;0.043252;0.013050;0.003937
0.030978;0.009345;0.002819;0.030978;0.009345;0.002819
0.051690;0.015590;0.004702;0.051690;0.015590;0.004702
0.023120;0.006972;0.002103;0.023120;0.006972;0.002103
0.034099;0.010280;0.003099;0.034099;0.010280;0.003099
0.039099;0.011786;0.003553;0.039099;0.011786;0.003553
0.038616;0.011638;0.003508;0.038616;0.011638;0.003508
0.021335;0.006429;0.001937;0.021335;0.006429;0.001937
0.018905;0.005696;0.001716;0.018905;0.005696;0.001716
0.022365;0.006737;0.002029;0.022365;0.006737;0.002029
0.027872;0.008394;0.002528;0.027872;0.008394;0.002528
0.026685;0.008035;0.002420;0.026685;0.008035;0.002420
0.021616;0.006508;0.001959;0.021616;0.006508;0.001959
0.023081;0.006947;0.002091;0.023081;0.006947;0.002091
0.022324;0.006719;0.002022;0.022324;0.006719;0.002022
0.021536;0.006480;0.001950;0.021536;0.006480;0.001950
0.026645;0.008016;0.002412;0.026645;0.008016;0.002412
0.027506;0.008273;0.002488;0.027506;0.008273;0.002488
0.032230;0.009693;0.002915;0.032230;0.009693;0.002915
0.023411;0.007039;0.002117;0.023411;0.007039;0.002117
0.021724;0.006531;0.001963;0.021724;0.006531;0.001963
0.008743;0.002628;0.000790;0.008743;0.002628;0.000790
0.016321;0.004905;0.001474;0.016321;0.004905;0.001474
0.009642;0.002897;0.000870;0.009642;0.002897;0.000870
0.011564;0.003474;0.001044;0.011564;0.003474;0.001044
0.024939;0.007490;0.002250;0.024939;0.007490;0.002250
0.019607;0.005888;0.001768;0.019607;0.005888;0.001768
0.010795;0.003241;0.000973;0.010795;0.003241;0.000973
0.012867;0.003862;0.001159;0.012867;0.003862;0.001159
0.018667;0.005603;0.001681;0.018667;0.005603;0.001681
0.028306;0.008494;0.002549;0.028306;0.008494;0.002549
0.013188;0.003957;0.001187;0.013188;0.003957;0.001187
0.018279;0.005483;0.001645;0.018279;0.005483;0.001645
0.019606;0.005880;0.001764;0.019606;0.005880;0.001764
0.017974;0.005390;0.001616;0.017974;0.005390;0.001616
0.024952;0.007481;0.002243;0.024952;0.007481;0.002243
0.023125;0.006932;0.002078;0.023125;0.006932;0.002078
0.018829;0.005643;0.001691;0.018829;0.005643;0.001691
0.020780;0.006227;0.001866;0.020780;0.006227;0.001866
0.017310;0.005186;0.001554;0.017310;0.005186;0.001554
0.022016;0.006594;0.001975;0.022016;0.006594;0.001975
0.036299;0.010871;0.003256;0.036299;0.010871;0.003256
0.028789;0.008620;0.002581;0.028789;0.008620;0.002581
0.023258;0.006963;0.002084;0.023258;0.006963;0.002084
0.024009;0.007187;0.002151;0.024009;0.007187;0.002151
0.007135;0.002135;0.000639;0.007135;0.002135;0.000639
0.024226;0.007249;0.002169;0.024226;0.007249;0.002169
0.024799;0.007419;0.002219;0.024799;0.007419;0.002219
0.015482;0.004631;0.001385;0.015482;0.004631;0.001385
0.028310;0.008466;0.002532;0.028310;0.008466;0.002532
0.017737;0.005303;0.001586;0.017737;0.005303;0.001586
0.024136;0.007215;0.002157;0.024136;0.007215;0.002157
0.030735;0.009186;0.002746;0.030735;0.009186;0.002746
0.027407;0.008190;0.002448;0.027407;0.008190;0.002448
0.015224;0.004549;0.001359;0.015224;0.004549;0.001359
0.018296;0.005465;0.001633;0.018296;0.005465;0.001633
0.014726;0.004398;0.001314;0.014726;0.004398;0.001314
0.027361;0.008170;0.002440;0.027361;0.008170;0.002440
0.029286;0.008744;0.002611;0.029286;0.008744;0.002611
0.013684;0.004085;0.001220;0.013684;0.004085;0.001220
0.014546;0.004341;0.001296;0.014546;0.004341;0.001296
0.015695;0.004684;0.001398;0.015695;0.004684;0.001398
0.015040;0.004487;0.001339;0.015040;0.004487;0.001339
0.021547;0.006427;0.001917;0.021547;0.006427;0.001917
0.020004;0.005966;0.001779;0.020004;0.005966;0.001779
0.012119;0.003614;0.001078;0.012119;0.003614;0.001078
0.013777;0.004107;0.001225;0.013777;0.004107;0.001225
0.015197;0.004530;0.001350;0.015197;0.004530;0.001350
0.008817;0.002628;0.000783;0.008817;0.002628;0.000783
0.011680;0.003480;0.001037;0.011680;0.003480;0.001037
0.011014;0.003281;0.000978;0.011014;0.003281;0.000978
0.003734;0.001112;0.000331;0.003734;0.001112;0.000331
0.006684;0.001991;0.000593;0.006684;0.001991;0.000593
0.009692;0.002886;0.000859;0.009692;0.002886;0.000859
0.017145;0.005104;0.001520;0.017145;0.005104;0.001520
0.022891;0.006814;0.002028;0.022891;0.006814;0.002028
0.012103;0.003602;0.001072;0.012103;0.003602;0.001072
0.003359;0.001000;0.000297;0.003359;0.001000;0.000297
0.001693;0.000504;0.000150;0.001693;0.000504;0.000150
0.007419;0.002207;0.000656;0.007419;0.002207;0.000656
0.013639;0.004056;0.001206;0.013639;0.004056;0.001206
0.011194;0.003328;0.000990;0.011194;0.003328;0.000990
0.012479;0.003710;0.001103;0.012479;0.003710;0.001103
0.021795;0.006478;0.001925;0.021795;0.006478;0.001925
0.018375;0.005461;0.001623;0.018375;0.005461;0.001623
0.011845;0.003519;0.001046;0.011845;0.003519;0.001046
0.015580;0.004628;0.001375;0.015580;0.004628;0.001375
0.012486;0.003709;0.001102;0.012486;0.003709;0.001102
0.011053;0.003282;0.000975;0.011053;0.003282;0.000975
0.018708;0.005555;0.001649;0.018708;0.005555;0.001649
0.018756;0.005568;0.001653;0.018756;0.005568;0.001653
0.009740;0.002891;0.000858;0.009740;0.002891;0.000858
0.007002;0.002078;0.000616;0.007002;0.002078;0.000616
0.013690;0.004062;0.001205;0.013690;0.004062;0.001205
0.009859;0.002925;0.000868;0.009859;0.002925;0.000868
0.005525;0.001638;0.000486;0.005525;0.001638;0.000486
0.011891;0.003526;0.001046;0.011891;0.003526;0.001046
0.021007;0.006228;0.001846;0.021007;0.006228;0.001846
0.033031;0.009791;0.002902;0.033031;0.009791;0.002902
0.020902;0.006195;0.001836;0.020902;0.006195;0.001836
0.007047;0.002088;0.000619;0.007047;0.002088;0.000619
0.023129;0.006852;0.002030;0.023129;0.006852;0.002030
0.013109;0.003883;0.001150;0.013109;0.003883;0.001150
0.017224;0.005101;0.001511;0.017224;0.005101;0.001511
0.031491;0.009325;0.002761;0.031491;0.009325;0.002761
0.026995;0.007992;0.002366;0.026995;0.007992;0.002366
0.024591;0.007279;0.002155;0.024591;0.007279;0.002155
0.037072;0.010971;0.003247;0.037072;0.010971;0.003247
0.033001;0.009765;0.002890;0.033001;0.009765;0.002890
0.019211;0.005684;0.001682;0.019211;0.005684;0.001682
0.023444;0.006934;0.002051;0.023444;0.006934;0.002051
0.017558;0.005193;0.001536;0.017558;0.005193;0.001536
0.015730;0.004651;0.001375;0.015730;0.004651;0.001375
0.018057;0.005338;0.001578;0.018057;0.005338;0.001578
0.017949;0.005305;0.001568;0.017949;0.005305;0.001568
0.022095;0.006530;0.001930;0.022095;0.006530;0.001930
0.023050;0.006811;0.002012;0.023050;0.006811;0.002012
0.015591;0.004606;0.001361;0.015591;0.004606;0.001361
0.014610;0.004315;0.001274;0.014610;0.004315;0.001274
0.029310;0.008656;0.002556;0.029310;0.008656;0.002556
0.021921;0.006473;0.001911;0.021921;0.006473;0.001911
0.013251;0.003912;0.001155;0.013251;0.003912;0.001155
0.023483;0.006931;0.002046;0.023483;0.006931;0.002046
0.009939;0.002933;0.000865;0.009939;0.002933;0.000865
0.032092;0.009469;0.002794;0.032092;0.009469;0.002794
0.015269;0.004504;0.001329;0.015269;0.004504;0.001329
0.020853;0.006151;0.001814;0.020853;0.006151;0.001814
0.027294;0.008049;0.002374;0.027294;0.008049;0.002374
0.029992;0.008843;0.002607;0.029992;0.008843;0.002607
0.021753;0.006413;0.001890;0.021753;0.006413;0.001890
0.032620;0.009614;0.002834;0.032620;0.009614;0.002834
0.040878;0.012046;0.003550;0.040878;0.012046;0.003550
0.018174;0.005355;0.001578;0.018174;0.005355;0.001578
0.036675;0.010803;0.003182;0.036675;0.010803;0.003182
0.026672;0.007856;0.002314;0.026672;0.007856;0.002314
0.034390;0.010127;0.002982;0.034390;0.010127;0.002982
0.047104;0.013869;0.004083;0.047104;0.013869;0.004083
0.029687;0.008740;0.002573;0.029687;0.008740;0.002573
0.021228;0.006248;0.001839;0.021228;0.006248;0.001839
0.025800;0.007592;0.002234;0.025800;0.007592;0.002234
0.017109;0.005034;0.001481;0.017109;0.005034;0.001481
0.010174;0.002993;0.000880;0.010174;0.002993;0.000880
0.019018;0.005593;0.001645;0.019018;0.005593;0.001645
0.026749;0.007866;0.002313;0.026749;0.007866;0.002313
0.024686;0.007258;0.002134;0.024686;0.007258;0.002134
0.025680;0.007549;0.002219;0.025680;0.007549;0.002219
0.023950;0.007039;0.002069;0.023950;0.007039;0.002069
0.025336;0.007445;0.002188;0.025336;0.007445;0.002188
0.041975;0.012332;0.003623;0.041975;0.012332;0.003623
0.024174;0.007101;0.002086;0.024174;0.007101;0.002086
0.021056;0.006184;0.001816;0.021056;0.006184;0.001816
0.031110;0.009135;0.002682;0.031110;0.009135;0.002682
0.003815;0.001120;0.000329;0.003815;0.001120;0.000329
0.025539;0.007496;0.002200;0.025539;0.007496;0.002200
0.025993;0.007629;0.002239;0.025993;0.007629;0.002239
0.010371;0.003043;0.000893;0.010371;0.003043;0.000893
0.017678;0.005186;0.001522;0.017678;0.005186;0.001522
0.019400;0.005691;0.001669;0.019400;0.005691;0.001669
0.013234;0.003881;0.001138;0.013234;0.003881;0.001138
0.017778;0.005213;0.001529;0.017778;0.005213;0.001529
0.019623;0.005753;0.001687;0.019623;0.005753;0.001687
0.012200;0.003576;0.001048;0.012200;0.003576;0.001048
0.005595;0.001640;0.000481;0.005595;0.001640;0.000481
0.009249;0.002710;0.000794;0.009249;0.002710;0.000794
0.017198;0.005038;0.001476;0.017198;0.005038;0.001476
0.019739;0.005782;0.001694;0.019739;0.005782;0.001694
0.017244;0.005050;0.001479;0.017244;0.005050;0.001479
0.022065;0.006461;0.001892;0.022065;0.006461;0.001892
0.026077;0.007635;0.002235;0.026077;0.007635;0.002235
0.014442;0.004227;0.001237;0.014442;0.004227;0.001237
0.017176;0.005026;0.001471;0.017176;0.005026;0.001471
0.023077;0.006753;0.001976;0.023077;0.006753;0.001976
0.013329;0.003899;0.001141;0.013329;0.003899;0.001141
0.018331;0.005362;0.001568;0.018331;0.005362;0.001568
0.015116;0.004421;0.001293;0.015116;0.004421;0.001293
0.008253;0.002413;0.000706;0.008253;0.002413;0.000706
0.013381;0.003912;0.001144;0.013381;0.003912;0.001144
0.013485;0.003941;0.001152;0.013485;0.003941;0.001152
0.014423;0.004215;0.001232;0.014423;0.004215;0.001232
0.023955;0.007000;0.002045;0.023955;0.007000;0.002045
0.011389;0.003327;0.000972;0.011389;0.003327;0.000972
0.013140;0.003838;0.001121;0.013140;0.003838;0.001121
0.025139;0.007341;0.002144;0.025139;0.007341;0.002144
0.020399;0.005956;0.001739;0.020399;0.005956;0.001739
0.017973;0.005247;0.001532;0.017973;0.005247;0.001532
0.036170;0.010557;0.003081;0.036170;0.010557;0.003081
0.036794;0.010738;0.003134;0.036794;0.010738;0.003134
0.024484;0.007144;0.002085;0.024484;0.007144;0.002085
0.033044;0.009640;0.002812;0.033044;0.009640;0.002812
0.039782;0.011604;0.003385;0.039782;0.011604;0.003385
0.024473;0.007137;0.002082;0.024473;0.007137;0.002082
0.014486;0.004224;0.001231;0.014486;0.004224;0.001231
0.016891;0.004924;0.001436;0.016891;0.004924;0.001436
0.014550;0.004241;0.001236;0.014550;0.004241;0.001236
0.010022;0.002921;0.000851;0.010022;0.002921;0.000851
0.009483;0.002763;0.000805;0.009483;0.002763;0.000805
0.020415;0.005947;0.001733;0.020415;0.005947;0.001733
0.026267;0.007651;0.002228;0.026267;0.007651;0.002228
0.014343;0.004177;0.001216;0.014343;0.004177;0.001216
0.003821;0.001113;0.000324;0.003821;0.001113;0.000324
0.013499;0.003930;0.001144;0.013499;0.003930;0.001144
0.011682;0.003400;0.000990;0.011682;0.003400;0.000990
0.003728;0.001085;0.000316;0.003728;0.001085;0.000316
0.010213;0.002972;0.000865;0.010213;0.002972;0.000865
0.008904;0.002590;0.000754;0.008904;0.002590;0.000754
0.017454;0.005077;0.001477;0.017454;0.005077;0.001477
0.020041;0.005828;0.001695;0.020041;0.005828;0.001695
0.015387;0.004474;0.001301;0.015387;0.004474;0.001301
0.019093;0.005551;0.001614;0.019093;0.005551;0.001614
0.017110;0.004973;0.001445;0.017110;0.004973;0.001445
0.024395;0.007089;0.002060;0.024395;0.007089;0.002060
0.030373;0.008825;0.002564;0.030373;0.008825;0.002564
0.023286;0.006765;0.001965;0.023286;0.006765;0.001965
0.020567;0.005974;0.001735;0.020567;0.005974;0.001735
0.025719;0.007469;0.002169;0.025719;0.007469;0.002169
0.020440;0.005935;0.001723;0.020440;0.005935;0.001723
0.016472;0.004782;0.001388;0.016472;0.004782;0.001388
0.023751;0.006893;0.002001;0.023751;0.006893;0.002001
0.023135;0.006714;0.001948;0.023135;0.006714;0.001948
0.017924;0.005201;0.001509;0.017924;0.005201;0.001509
0.023088;0.006698;0.001943;0.023088;0.006698;0.001943
0.027881;0.008087;0.002346;0.027881;0.008087;0.002346
0.030484;0.008840;0.002564;0.030484;0.008840;0.002564
0.037702;0.010931;0.003169;0.037702;0.010931;0.003169
0.037967;0.011006;0.003191;0.037967;0.011006;0.003191
0.026948;0.007810;0.002264;0.026948;0.007810;0.002264
0.034891;0.010111;0.002930;0.034891;0.010111;0.002930
0.027834;0.008065;0.002337;0.027834;0.008065;0.002337
0.025586;0.007412;0.002147;0.025586;0.007412;0.002147
0.033001;0.009558;0.002768;0.033001;0.009558;0.002768
0.030101;0.008717;0.002524;0.030101;0.008717;0.002524
0.033639;0.009740;0.002820;0.033639;0.009740;0.002820
0.024252;0.007021;0.002032;0.024252;0.007021;0.002032
0.020713;0.005995;0.001735;0.020713;0.005995;0.001735
0.009586;0.002774;0.000803;0.009586;0.002774;0.000803
0.004008;0.001160;0.000336;0.004008;0.001160;0.000336
0.011655;0.003372;0.000975;0.011655;0.003372;0.000975
0.025873;0.007483;0.002164;0.025873;0.007483;0.002164
0.024639;0.007125;0.002061;0.024639;0.007125;0.002061
0.017412;0.005034;0.001456;0.017412;0.005034;0.001456
0.018307;0.005292;0.001530;0.018307;0.005292;0.001530
0.020885;0.006036;0.001745;0.020885;0.006036;0.001745
0.018839;0.005444;0.001573;0.018839;0.005444;0.001573
0.010909;0.003152;0.000911;0.010909;0.003152;0.000911
0.005319;0.001537;0.000444;0.005319;0.001537;0.000444
0.012599;0.003639;0.001051;0.012599;0.003639;0.001051
0.019684;0.005684;0.001642;0.019684;0.005684;0.001642
0.019258;0.005560;0.001605;0.019258;0.005560;0.001605
0.020212;0.005835;0.001684;0.020212;0.005835;0.001684
0.038042;0.010980;0.003169;0.038042;0.010980;0.003169
0.031776;0.009170;0.002646;0.031776;0.009170;0.002646
0.023635;0.006819;0.001968;0.023635;0.006819;0.001968
0.021377;0.006167;0.001779;0.021377;0.006167;0.001779
0.017318;0.004995;0.001441;0.017318;0.004995;0.001441
0.013614;0.003926;0.001132;0.013614;0.003926;0.001132
0.027269;0.007862;0.002267;0.027269;0.007862;0.002267
0.029013;0.008364;0.002411;0.029013;0.008364;0.002411
0.009931;0.002863;0.000825;0.009931;0.002863;0.000825
0.022436;0.006465;0.001863;0.022436;0.006465;0.001863
0.017760;0.005117;0.001474;0.017760;0.005117;0.001474
0.027641;0.007963;0.002294;0.027641;0.007963;0.002294
0.033035;0.009515;0.002741;0.033035;0.009515;0.002741
0.022187;0.006389;0.001840;0.022187;0.006389;0.001840
0.033530;0.009654;0.002779;0.033530;0.009654;0.002779
0.046015;0.013246;0.003813;0.046015;0.013246;0.003813
0.043069;0.012397;0.003568;0.043069;0.012397;0.003568
0.032902;0.009468;0.002725;0.032902;0.009468;0.002725
0.033666;0.009686;0.002787;0.033666;0.009686;0.002787
0.030721;0.008838;0.002543;0.030721;0.008838;0.002543
0.016385;0.004713;0.001356;0.016385;0.004713;0.001356
0.016387;0.004713;0.001355;0.016387;0.004713;0.001355
0.013609;0.003913;0.001125;0.013609;0.003913;0.001125
0.010699;0.003076;0.000884;0.010699;0.003076;0.000884
0.022209;0.006383;0.001835;0.022209;0.006383;0.001835
0.020184;0.005801;0.001667;0.020184;0.005801;0.001667
0.009762;0.002805;0.000806;0.009762;0.002805;0.000806
0.015709;0.004513;0.001296;0.015709;0.004513;0.001296
0.007496;0.002153;0.000618;0.007496;0.002153;0.000618
0.003641;0.001046;0.000300;0.003641;0.001046;0.000300
0.014323;0.004112;0.001181;0.014323;0.004112;0.001181
0.020751;0.005957;0.001710;0.020751;0.005957;0.001710
0.015315;0.004396;0.001262;0.015315;0.004396;0.001262
0.009722;0.002790;0.000801;0.009722;0.002790;0.000801
0.018605;0.005338;0.001532;0.018605;0.005338;0.001532
0.021570;0.006188;0.001775;0.021570;0.006188;0.001775
0.017421;0.004997;0.001433;0.017421;0.004997;0.001433
0.011332;0.003250;0.000932;0.011332;0.003250;0.000932
0.021753;0.006237;0.001788;0.021753;0.006237;0.001788
0.024082;0.006904;0.001979;0.024082;0.006904;0.001979
0.013541;0.003882;0.001113;0.013541;0.003882;0.001113
0.010216;0.002928;0.000839;0.010216;0.002928;0.000839
0.016673;0.004777;0.001369;0.016673;0.004777;0.001369
0.014897;0.004268;0.001223;0.014897;0.004268;0.001223
0.011266;0.003227;0.000924;0.011266;0.003227;0.000924
0.015598;0.004467;0.001279;0.015598;0.004467;0.001279
0.014646;0.004194;0.001201;0.014646;0.004194;0.001201
0.018818;0.005387;0.001542;0.018818;0.005387;0.001542
0.032992;0.009444;0.002703;0.032992;0.009444;0.002703
0.022205;0.006355;0.001819;0.022205;0.006355;0.001819
0.016612;0.004753;0.001360;0.016612;0.004753;0.001360
0.028833;0.008249;0.002360;0.028833;0.008249;0.002360
0.017586;0.005030;0.001439;0.017586;0.005030;0.001439
0.014276;0.004083;0.001168;0.014276;0.004083;0.001168
0.027911;0.007981;0.002282;0.027911;0.007981;0.002282
0.024328;0.006955;0.001988;0.024328;0.006955;0.001988
0.011655;0.003331;0.000952;0.011655;0.003331;0.000952
0.022884;0.006540;0.001869;0.022884;0.006540;0.001869
0.020028;0.005723;0.001635;0.020028;0.005723;0.001635
0.023645;0.006755;0.001930;0.023645;0.006755;0.001930
0.033891;0.009681;0.002765;0.033891;0.009681;0.002765
0.025804;0.007370;0.002105;0.025804;0.007370;0.002105
0.014123;0.004033;0.001152;0.014123;0.004033;0.001152
0.020915;0.005971;0.001705;0.020915;0.005971;0.001705
0.028133;0.008030;0.002292;0.028133;0.008030;0.002292
0.023947;0.006834;0.001951;0.023947;0.006834;0.001951
0.011411;0.003256;0.000929;0.011411;0.003256;0.000929
0.015610;0.004453;0.001270;0.015610;0.004453;0.001270
0.022198;0.006332;0.001806;0.022198;0.006332;0.001806
0.011667;0.003328;0.000949;0.011667;0.003328;0.000949
0.008588;0.002449;0.000698;0.008588;0.002449;0.000698
0.016010;0.004565;0.001301;0.016010;0.004565;0.001301
0.011835;0.003374;0.000962;0.011835;0.003374;0.000962
0.010562;0.003010;0.000858;0.010562;0.003010;0.000858
0.013773;0.003925;0.001118;0.013773;0.003925;0.001118
0.005874;0.001673;0.000477;0.005874;0.001673;0.000477
0.013718;0.003908;0.001113;0.013718;0.003908;0.001113
0.011781;0.003355;0.000956;0.011781;0.003355;0.000956
0.010368;0.002952;0.000841;0.010368;0.002952;0.000841
0.014093;0.004012;0.001142;0.014093;0.004012;0.001142
0.023226;0.006612;0.001882;0.023226;0.006612;0.001882
0.034350;0.009776;0.002782;0.034350;0.009776;0.002782
0.018692;0.005319;0.001514;0.018692;0.005319;0.001514
0.013521;0.003847;0.001095;0.013521;0.003847;0.001095
0.012525;0.003563;0.001014;0.012525;0.003563;0.001014
0.015216;0.004328;0.001231;0.015216;0.004328;0.001231
0.012385;0.003522;0.001002;0.012385;0.003522;0.001002
0.018808;0.005347;0.001520;0.018808;0.005347;0.001520
0.018911;0.005376;0.001528;0.018911;0.005376;0.001528
0.009261;0.002632;0.000748;0.009261;0.002632;0.000748
0.019894;0.005653;0.001606;0.019894;0.005653;0.001606
0.022970;0.006526;0.001854;0.022970;0.006526;0.001854
0.018741;0.005324;0.001512;0.018741;0.005324;0.001512
0.025056;0.007116;0.002021;0.025056;0.007116;0.002021
0.019919;0.005657;0.001607;0.019919;0.005657;0.001607
0.013379;0.003799;0.001078;0.013379;0.003799;0.001078
0.020814;0.005909;0.001677;0.020814;0.005909;0.001677
0.021079;0.005983;0.001698;0.021079;0.005983;0.001698
0.019326;0.005484;0.001556;0.019326;0.005484;0.001556
0.016524;0.004688;0.001330;0.016524;0.004688;0.001330
0.018549;0.005262;0.001493;0.018549;0.005262;0.001493
0.027806;0.007887;0.002237;0.027806;0.007887;0.002237
0.024814;0.007037;0.001996;0.024814;0.007037;0.001996
0.019355;0.005488;0.001556;0.019355;0.005488;0.001556
0.014648;0.004152;0.001177;0.014648;0.004152;0.001177
0.029089;0.008245;0.002337;0.029089;0.008245;0.002337
0.030279;0.008581;0.002432;0.030279;0.008581;0.002432
0.004485;0.001271;0.000360;0.004485;0.001271;0.000360
0.028572;0.008094;0.002293;0.028572;0.008094;0.002293
0.021448;0.006075;0.001721;0.021448;0.006075;0.001721
0.011293;0.003198;0.000906;0.011293;0.003198;0.000906
0.016184;0.004583;0.001298;0.016184;0.004583;0.001298
0.011447;0.003241;0.000917;0.011447;0.003241;0.000917
0.016847;0.004769;0.001350;0.016847;0.004769;0.001350
0.028340;0.008020;0.002270;0.028340;0.008020;0.002270
0.019981;0.005654;0.001600;0.019981;0.005654;0.001600
0.025702;0.007271;0.002057;0.025702;0.007271;0.002057
0.039994;0.011313;0.003200;0.039994;0.011313;0.003200
0.039981;0.011307;0.003198;0.039981;0.011307;0.003198
0.032519;0.009195;0.002600;0.032519;0.009195;0.002600
0.033203;0.009387;0.002654;0.033203;0.009387;0.002654
0.028004;0.007916;0.002238;0.028004;0.007916;0.002238
0.022283;0.006297;0.001780;0.022283;0.006297;0.001780
0.037059;0.010472;0.002959;0.037059;0.010472;0.002959
0.035359;0.009990;0.002823;0.035359;0.009990;0.002823
0.017388;0.004912;0.001388;0.017388;0.004912;0.001388
0.015690;0.004431;0.001252;0.015690;0.004431;0.001252
0.022848;0.006452;0.001822;0.022848;0.006452;0.001822
0.019462;0.005495;0.001551;0.019462;0.005495;0.001551
0.032403;0.009147;0.002582;0.032403;0.009147;0.002582
0.035940;0.010144;0.002863;0.035940;0.010144;0.002863
0.036756;0.010372;0.002927;0.036756;0.010372;0.002927
0.029552;0.008338;0.002352;0.029552;0.008338;0.002352
0.037438;0.010561;0.002979;0.037438;0.010561;0.002979
0.040697;0.011478;0.003237;0.040697;0.011478;0.003237
0.046852;0.013212;0.003726;0.046852;0.013212;0.003726
0.035953;0.010137;0.002858;0.035953;0.010137;0.002858
0.025424;0.007167;0.002020;0.025424;0.007167;0.002020
0.026887;0.007578;0.002136;0.026887;0.007578;0.002136
0.025418;0.007163;0.002019;0.025418;0.007163;0.002019
0.023159;0.006525;0.001839;0.023159;0.006525;0.001839
0.021948;0.006183;0.001742;0.021948;0.006183;0.001742
0.023710;0.006678;0.001881;0.023710;0.006678;0.001881
0.022681;0.006387;0.001799;0.022681;0.006387;0.001799
0.012284;0.003459;0.000974;0.012284;0.003459;0.000974
0.014612;0.004113;0.001158;0.014612;0.004113;0.001158
0.027684;0.007792;0.002193;0.027684;0.007792;0.002193
0.023902;0.006727;0.001893;0.023902;0.006727;0.001893
0.012442;0.003501;0.000985;0.012442;0.003501;0.000985
0.008918;0.002509;0.000706;0.008918;0.002509;0.000706
0.009388;0.002641;0.000743;0.009388;0.002641;0.000743
0.017511;0.004924;0.001385;0.017511;0.004924;0.001385
0.031007;0.008719;0.002452;0.031007;0.008719;0.002452
0.021395;0.006015;0.001691;0.021395;0.006015;0.001691
0.008561;0.002406;0.000676;0.008561;0.002406;0.000676
0.007027;0.001975;0.000555;0.007027;0.001975;0.000555
0.012086;0.003396;0.000954;0.012086;0.003396;0.000954
0.015230;0.004279;0.001202;0.015230;0.004279;0.001202
0.012867;0.003614;0.001015;0.012867;0.003614;0.001015
0.004367;0.001226;0.000344;0.004367;0.001226;0.000344
0.020193;0.005670;0.001592;0.020193;0.005670;0.001592
0.019849;0.005573;0.001565;0.019849;0.005573;0.001565
0.014423;0.004049;0.001136;0.014423;0.004049;0.001136
0.018711;0.005251;0.001474;0.018711;0.005251;0.001474
0.013820;0.003878;0.001088;0.013820;0.003878;0.001088
0.014624;0.004103;0.001151;0.014624;0.004103;0.001151
0.017028;0.004777;0.001340;0.017028;0.004777;0.001340
0.025489;0.007149;0.002005;0.025489;0.007149;0.002005
0.028936;0.008114;0.002275;0.028936;0.008114;0.002275
0.038895;0.010905;0.003057;0.038895;0.010905;0.003057
0.043001;0.012054;0.003379;0.043001;0.012054;0.003379
0.034084;0.009553;0.002678;0.034084;0.009553;0.002678
0.032790;0.009189;0.002575;0.032790;0.009189;0.002575
0.037479;0.010501;0.002942;0.037479;0.010501;0.002942
0.037499;0.010505;0.002943;0.037499;0.010505;0.002943
0.027727;0.007766;0.002175;0.027727;0.007766;0.002175
0.016503;0.004621;0.001294;0.016503;0.004621;0.001294
0.033105;0.009269;0.002595;0.033105;0.009269;0.002595
0.026948;0.007544;0.002112;0.026948;0.007544;0.002112
0.018835;0.005272;0.001476;0.018835;0.005272;0.001476
0.028747;0.008045;0.002251;0.028747;0.008045;0.002251
0.007686;0.002151;0.000602;0.007686;0.002151;0.000602
0.045051;0.012603;0.003526;0.045051;0.012603;0.003526
0.030769;0.008606;0.002407;0.030769;0.008606;0.002407
0.023468;0.006563;0.001836;0.023468;0.006563;0.001836
0.040865;0.011426;0.003195;0.040865;0.011426;0.003195
0.031274;0.008743;0.002444;0.031274;0.008743;0.002444
0.044981;0.012573;0.003514;0.044981;0.012573;0.003514
0.044854;0.012536;0.003503;0.044854;0.012536;0.003503
0.055124;0.015403;0.004304;0.055124;0.015403;0.004304
0.064989;0.018157;0.005073;0.064989;0.018157;0.005073
0.063998;0.017877;0.004994;0.063998;0.017877;0.004994
0.069577;0.019432;0.005427;0.069577;0.019432;0.005427
0.063792;0.017814;0.004974;0.063792;0.017814;0.004974
0.042373;0.011830;0.003303;0.042373;0.011830;0.003303
0.041839;0.011679;0.003260;0.041839;0.011679;0.003260
0.042233;0.011787;0.003290;0.042233;0.011787;0.003290
0.039270;0.010958;0.003058;0.039270;0.010958;0.003058
0.058163;0.016227;0.004527;0.058163;0.016227;0.004527
0.065156;0.018176;0.005070;0.065156;0.018176;0.005070
0.056971;0.015890;0.004432;0.056971;0.015890;0.004432
0.055789;0.015558;0.004339;0.055789;0.015558;0.004339
0.035303;0.009843;0.002744;0.035303;0.009843;0.002744
0.024880;0.006936;0.001933;0.024880;0.006936;0.001933
0.017093;0.004764;0.001328;0.017093;0.004764;0.001328
0.008158;0.002273;0.000633;0.008158;0.002273;0.000633
0.030327;0.008450;0.002354;0.030327;0.008450;0.002354
0.042959;0.011967;0.003334;0.042959;0.011967;0.003334
0.039882;0.011108;0.003094;0.039882;0.011108;0.003094
0.011940;0.003325;0.000926;0.011940;0.003325;0.000926
0.027358;0.007617;0.002121;0.027358;0.007617;0.002121
0.035451;0.009869;0.002748;0.035451;0.009869;0.002748
0.034375;0.009568;0.002663;0.034375;0.009568;0.002663
0.039165;0.010900;0.003033;0.039165;0.010900;0.003033
0.039083;0.010875;0.003026;0.039083;0.010875;0.003026
0.026599;0.007400;0.002059;0.026599;0.007400;0.002059
0.030544;0.008496;0.002363;0.030544;0.008496;0.002363
0.057966;0.016121;0.004483;0.057966;0.016121;0.004483
0.067131;0.018667;0.005191;0.067131;0.018667;0.005191
0.052649;0.014638;0.004070;0.052649;0.014638;0.004070
0.042643;0.011854;0.003295;0.042643;0.011854;0.003295
0.034979;0.009722;0.002702;0.034979;0.009722;0.002702
0.021977;0.006107;0.001697;0.021977;0.006107;0.001697
0.020899;0.005806;0.001613;0.020899;0.005806;0.001613
0.047184;0.013107;0.003641;0.047184;0.013107;0.003641
0.080397;0.022329;0.006202;0.080397;0.022329;0.006202
0.078757;0.021871;0.006073;0.078757;0.021871;0.006073
0.049482;0.013739;0.003815;0.049482;0.013739;0.003815
0.024977;0.006934;0.001925;0.024977;0.006934;0.001925
0.019771;0.005487;0.001523;0.019771;0.005487;0.001523
0.037761;0.010479;0.002908;0.037761;0.010479;0.002908
0.044953;0.012473;0.003461;0.044953;0.012473;0.003461
0.031487;0.008735;0.002423;0.031487;0.008735;0.002423
0.031800;0.008820;0.002447;0.031800;0.008820;0.002447
0.052022;0.014427;0.004001;0.052022;0.014427;0.004001
0.051715;0.014339;0.003976;0.051715;0.014339;0.003976
0.047239;0.013096;0.003631;0.047239;0.013096;0.003631
0.070540;0.019552;0.005420;0.070540;0.019552;0.005420
0.090412;0.025056;0.006944;0.090412;0.025056;0.006944
0.081060;0.022461;0.006224;0.081060;0.022461;0.006224
0.048270;0.013373;0.003705;0.048270;0.013373;0.003705
0.039855;0.011040;0.003058;0.039855;0.011040;0.003058
0.061156;0.016937;0.004691;0.061156;0.016937;0.004691
0.046469;0.012868;0.003563;0.046469;0.012868;0.003563
0.043425;0.012022;0.003328;0.043425;0.012022;0.003328
0.061688;0.017076;0.004727;0.061688;0.017076;0.004727
0.068318;0.018908;0.005233;0.068318;0.018908;0.005233
0.070938;0.019630;0.005432;0.070938;0.019630;0.005432
0.066209;0.018319;0.005068;0.066209;0.018319;0.005068
0.055954;0.015478;0.004282;0.055954;0.015478;0.004282
0.048356;0.013375;0.003699;0.048356;0.013375;0.003699
0.043586;0.012053;0.003333;0.043586;0.012053;0.003333
0.072596;0.020072;0.005550;0.072596;0.020072;0.005550
0.062894;0.017387;0.004807;0.062894;0.017387;0.004807
0.050989;0.014093;0.003895;0.050989;0.014093;0.003895
0.060155;0.016624;0.004594;0.060155;0.016624;0.004594
0.054269;0.014995;0.004143;0.054269;0.014995;0.004143
0.052546;0.014516;0.004010;0.052546;0.014516;0.004010
0.021831;0.006030;0.001666;0.021831;0.006030;0.001666
0.036023;0.009948;0.002747;0.036023;0.009948;0.002747
0.035816;0.009889;0.002731;0.035816;0.009889;0.002731
0.042291;0.011676;0.003223;0.042291;0.011676;0.003223
0.052265;0.014427;0.003982;0.052265;0.014427;0.003982
0.042259;0.011663;0.003219;0.042259;0.011663;0.003219
0.022596;0.006235;0.001721;0.022596;0.006235;0.001721
0.027144;0.007489;0.002066;0.027144;0.007489;0.002066
0.035987;0.009927;0.002738;0.035987;0.009927;0.002738
0.063737;0.017578;0.004848;0.063737;0.017578;0.004848
0.059508;0.016410;0.004525;0.059508;0.016410;0.004525
0.049270;0.013584;0.003745;0.049270;0.013584;0.003745
0.048760;0.013441;0.003705;0.048760;0.013441;0.003705
0.055595;0.015323;0.004223;0.055595;0.015323;0.004223
0.069396;0.019123;0.005270;0.069396;0.019123;0.005270
0.052265;0.014401;0.003968;0.052265;0.014401;0.003968
0.030580;0.008424;0.002320;0.030580;0.008424;0.002320
0.048870;0.013460;0.003707;0.048870;0.013460;0.003707
0.052816;0.014545;0.004006;0.052816;0.014545;0.004006
0.044212;0.012173;0.003352;0.044212;0.012173;0.003352
0.043539;0.011986;0.003300;0.043539;0.011986;0.003300
0.045883;0.012629;0.003476;0.045883;0.012629;0.003476
0.088236;0.024283;0.006683;0.088236;0.024283;0.006683
0.048861;0.013444;0.003699;0.048861;0.013444;0.003699
0.045770;0.012592;0.003464;0.045770;0.012592;0.003464
0.035227;0.009690;0.002665;0.035227;0.009690;0.002665
0.009236;0.002540;0.000699;0.009236;0.002540;0.000699
0.019960;0.005489;0.001509;0.019960;0.005489;0.001509
0.028172;0.007745;0.002129;0.028172;0.007745;0.002129
0.021714;0.005969;0.001641;0.021714;0.005969;0.001641
0.033226;0.009132;0.002510;0.033226;0.009132;0.002510
0.021283;0.005849;0.001607;0.021283;0.005849;0.001607
0.016490;0.004531;0.001245;0.016490;0.004531;0.001245
0.033719;0.009263;0.002544;0.033719;0.009263;0.002544
0.061022;0.016760;0.004603;0.061022;0.016760;0.004603
0.045947;0.012618;0.003465;0.045947;0.012618;0.003465
0.022894;0.006286;0.001726;0.022894;0.006286;0.001726
0.020991;0.005762;0.001582;0.020991;0.005762;0.001582
0.048419;0.013289;0.003647;0.048419;0.013289;0.003647
0.070181;0.019260;0.005285;0.070181;0.019260;0.005285
0.056226;0.015428;0.004233;0.056226;0.015428;0.004233
0.023372;0.006412;0.001759;0.023372;0.006412;0.001759
0.015581;0.004273;0.001172;0.015581;0.004273;0.001172
0.032530;0.008921;0.002447;0.032530;0.008921;0.002447
0.038812;0.010642;0.002918;0.038812;0.010642;0.002918
0.058090;0.015926;0.004366;0.058090;0.015926;0.004366
0.045133;0.012372;0.003391;0.045133;0.012372;0.003391
0.014263;0.003909;0.001071;0.014263;0.003909;0.001071
0.042300;0.011591;0.003176;0.042300;0.011591;0.003176
0.046173;0.012650;0.003466;0.046173;0.012650;0.003466
0.044737;0.012255;0.003357;0.044737;0.012255;0.003357
0.029819;0.008167;0.002237;0.029819;0.008167;0.002237
0.014214;0.003892;0.001066;0.014214;0.003892;0.001066
0.044088;0.012071;0.003305;0.044088;0.012071;0.003305
0.051613;0.014129;0.003868;0.051613;0.014129;0.003868
0.045106;0.012346;0.003379;0.045106;0.012346;0.003379
0.044695;0.012231;0.003347;0.044695;0.012231;0.003347
0.028163;0.007706;0.002108;0.028163;0.007706;0.002108
0.040730;0.011142;0.003048;0.040730;0.011142;0.003048
0.058843;0.016095;0.004402;0.058843;0.016095;0.004402
0.033081;0.009047;0.002474;0.033081;0.009047;0.002474
0.035401;0.009680;0.002647;0.035401;0.009680;0.002647
0.051802;0.014162;0.003872;0.051802;0.014162;0.003872
0.048241;0.013186;0.003604;0.048241;0.013186;0.003604
0.030698;0.008390;0.002293;0.030698;0.008390;0.002293
0.038375;0.010486;0.002865;0.038375;0.010486;0.002865
0.071317;0.019484;0.005323;0.071317;0.019484;0.005323
0.060060;0.016407;0.004482;0.060060;0.016407;0.004482
0.032310;0.008824;0.002410;0.032310;0.008824;0.002410
0.050210;0.013711;0.003744;0.050210;0.013711;0.003744
0.029191;0.007970;0.002176;0.029191;0.007970;0.002176
0.014347;0.003916;0.001069;0.014347;0.003916;0.001069
0.045257;0.012352;0.003371;0.045257;0.012352;0.003371
0.059782;0.016314;0.004452;0.059782;0.016314;0.004452
0.061820;0.016867;0.004602;0.061820;0.016867;0.004602
0.056640;0.015451;0.004215;0.056640;0.015451;0.004215
0.032173;0.008775;0.002394;0.032173;0.008775;0.002394
0.046926;0.012797;0.003490;0.046926;0.012797;0.003490
0.056797;0.015487;0.004223;0.056797;0.015487;0.004223
0.038386;0.010465;0.002853;0.038386;0.010465;0.002853
0.007445;0.002029;0.000553;0.007445;0.002029;0.000553
0.020118;0.005483;0.001494;0.020118;0.005483;0.001494
0.031897;0.008691;0.002368;0.031897;0.008691;0.002368
0.030548;0.008323;0.002267;0.030548;0.008323;0.002267
0.028875;0.007865;0.002143;0.028875;0.007865;0.002143
0.012038;0.003279;0.000893;0.012038;0.003279;0.000893
0.038697;0.010537;0.002869;0.038697;0.010537;0.002869
0.060560;0.016488;0.004489;0.060560;0.016488;0.004489
0.053576;0.014585;0.003970;0.053576;0.014585;0.003970
0.060203;0.016385;0.004460;0.060203;0.016385;0.004460
0.060044;0.016340;0.004447;0.060044;0.016340;0.004447
0.035651;0.009700;0.002639;0.035651;0.009700;0.002639
0.023084;0.006280;0.001708;0.023084;0.006280;0.001708
0.025098;0.006827;0.001857;0.025098;0.006827;0.001857
0.024340;0.006619;0.001800;0.024340;0.006619;0.001800
0.027919;0.007591;0.002064;0.027919;0.007591;0.002064
0.037897;0.010302;0.002801;0.037897;0.010302;0.002801
0.051273;0.013937;0.003788;0.051273;0.013937;0.003788
0.030887;0.008394;0.002281;0.030887;0.008394;0.002281
0.041676;0.011324;0.003077;0.041676;0.011324;0.003077
0.056948;0.015472;0.004203;0.056948;0.015472;0.004203
0.053659;0.014576;0.003959;0.053659;0.014576;0.003959
0.051504;0.013988;0.003799;0.051504;0.013988;0.003799
0.074892;0.020337;0.005522;0.074892;0.020337;0.005522
0.081786;0.022205;0.006029;0.081786;0.022205;0.006029
0.053735;0.014587;0.003960;0.053735;0.014587;0.003960
0.043876;0.011909;0.003232;0.043876;0.011909;0.003232
0.042953;0.011656;0.003163;0.042953;0.011656;0.003163
0.035793;0.009712;0.002635;0.035793;0.009712;0.002635
0.038239;0.010373;0.002814;0.038239;0.010373;0.002814
0.043883;0.011903;0.003228;0.043883;0.011903;0.003228
0.051616;0.013998;0.003796;0.051616;0.013998;0.003796
0.064529;0.017497;0.004744;0.064529;0.017497;0.004744
0.063114;0.017111;0.004639;0.063114;0.017111;0.004639
0.055224;0.014969;0.004058;0.055224;0.014969;0.004058
0.031689;0.008589;0.002328;0.031689;0.008589;0.002328
0.029510;0.007996;0.002167;0.029510;0.007996;0.002167
0.031307;0.008482;0.002298;0.031307;0.008482;0.002298
0.023589;0.006389;0.001731;0.023589;0.006389;0.001731
0.041412;0.011216;0.003038;0.041412;0.011216;0.003038
0.040307;0.010915;0.002956;0.040307;0.010915;0.002956
0.031781;0.008605;0.002330;0.031781;0.008605;0.002330
0.018688;0.005059;0.001370;0.018688;0.005059;0.001370
0.015654;0.004237;0.001147;0.015654;0.004237;0.001147
0.021032;0.005692;0.001540;0.021032;0.005692;0.001540
0.008288;0.002242;0.000607;0.008288;0.002242;0.000607
0.020652;0.005587;0.001511;0.020652;0.005587;0.001511
0.019928;0.005390;0.001458;0.019928;0.005390;0.001458
0.003643;0.000985;0.000266;0.003643;0.000985;0.000266
0.035801;0.009681;0.002618;0.035801;0.009681;0.002618
0.034444;0.009312;0.002518;0.034444;0.009312;0.002518
0.012763;0.003450;0.000933;0.012763;0.003450;0.000933
0.022123;0.005979;0.001616;0.022123;0.005979;0.001616
0.025958;0.007014;0.001895;0.025958;0.007014;0.001895
0.030479;0.008235;0.002225;0.030479;0.008235;0.002225
0.030338;0.008195;0.002214;0.030338;0.008195;0.002214
0.042404;0.011453;0.003093;0.042404;0.011453;0.003093
0.040819;0.011023;0.002977;0.040819;0.011023;0.002977
0.026668;0.007200;0.001944;0.026668;0.007200;0.001944
0.031576;0.008524;0.002301;0.031576;0.008524;0.002301
0.034346;0.009271;0.002502;0.034346;0.009271;0.002502
0.019907;0.005372;0.001450;0.019907;0.005372;0.001450
0.015457;0.004171;0.001125;0.015457;0.004171;0.001125
0.029931;0.008075;0.002178;0.029931;0.008075;0.002178
0.042834;0.011554;0.003117;0.042834;0.011554;0.003117
0.042951;0.011584;0.003124;0.042951;0.011584;0.003124
0.038354;0.010342;0.002789;0.038354;0.010342;0.002789
0.039974;0.010777;0.002906;0.039974;0.010777;0.002906
0.040970;0.011044;0.002977;0.040970;0.011044;0.002977
0.030006;0.008087;0.002180;0.030006;0.008087;0.002180
0.024364;0.006566;0.001769;0.024364;0.006566;0.001769
0.034999;0.009430;0.002541;0.034999;0.009430;0.002541
0.048309;0.013014;0.003506;0.048309;0.013014;0.003506
0.051219;0.013796;0.003716;0.051219;0.013796;0.003716
0.035116;0.009457;0.002547;0.035116;0.009457;0.002547
0.020742;0.005585;0.001504;0.020742;0.005585;0.001504
0.033527;0.009026;0.002430;0.033527;0.009026;0.002430
0.033310;0.008966;0.002413;0.033310;0.008966;0.002413
0.020260;0.005452;0.001467;0.020260;0.005452;0.001467
0.018133;0.004879;0.001313;0.018133;0.004879;0.001313
0.028999;0.007802;0.002099;0.028999;0.007802;0.002099
0.032973;0.008869;0.002386;0.032973;0.008869;0.002386
0.021086;0.005671;0.001525;0.021086;0.005671;0.001525
0.015972;0.004295;0.001155;0.015972;0.004295;0.001155
0.026770;0.007197;0.001935;0.026770;0.007197;0.001935
0.033299;0.008951;0.002406;0.033299;0.008951;0.002406
0.024569;0.006604;0.001775;0.024569;0.006604;0.001775
0.019461;0.005230;0.001405;0.019461;0.005230;0.001405
0.018260;0.004906;0.001318;0.018260;0.004906;0.001318
0.015026;0.004037;0.001084;0.015026;0.004037;0.001084
0.023551;0.006326;0.001699;0.023551;0.006326;0.001699
0.033723;0.009057;0.002432;0.033723;0.009057;0.002432
0.030541;0.008201;0.002202;0.030541;0.008201;0.002202
0.020692;0.005555;0.001491;0.020692;0.005555;0.001491
0.011246;0.003019;0.000810;0.011246;0.003019;0.000810
0.013981;0.003752;0.001007;0.013981;0.003752;0.001007
0.021925;0.005883;0.001579;0.021925;0.005883;0.001579
0.008425;0.002260;0.000606;0.008425;0.002260;0.000606
0.018653;0.005004;0.001342;0.018653;0.005004;0.001342
0.023013;0.006172;0.001655;0.023013;0.006172;0.001655
0.030005;0.008046;0.002158;0.030005;0.008046;0.002158
0.035813;0.009602;0.002575;0.035813;0.009602;0.002575
0.023701;0.006354;0.001703;0.023701;0.006354;0.001703
0.020974;0.005622;0.001507;0.020974;0.005622;0.001507
0.022693;0.006082;0.001630;0.022693;0.006082;0.001630
0.019217;0.005149;0.001380;0.019217;0.005149;0.001380
0.024284;0.006506;0.001743;0.024284;0.006506;0.001743
0.030700;0.008223;0.002203;0.030700;0.008223;0.002203
0.035768;0.009579;0.002565;0.035768;0.009579;0.002565
0.032285;0.008645;0.002315;0.032285;0.008645;0.002315
0.022072;0.005909;0.001582;0.022072;0.005909;0.001582
0.018870;0.005051;0.001352;0.018870;0.005051;0.001352
0.019772;0.005292;0.001416;0.019772;0.005292;0.001416
0.019961;0.005342;0.001429;0.019961;0.005342;0.001429
0.023755;0.006356;0.001701;0.023755;0.006356;0.001701
0.024873;0.006654;0.001780;0.024873;0.006654;0.001780
0.023542;0.006297;0.001684;0.023542;0.006297;0.001684
0.028380;0.007590;0.002030;0.028380;0.007590;0.002030
0.023918;0.006396;0.001710;0.023918;0.006396;0.001710
0.017541;0.004690;0.001254;0.017541;0.004690;0.001254
0.023408;0.006257;0.001672;0.023408;0.006257;0.001672
0.025866;0.006913;0.001848;0.025866;0.006913;0.001848
0.016382;0.004378;0.001170;0.016382;0.004378;0.001170
0.023826;0.006365;0.001701;0.023826;0.006365;0.001701
0.028762;0.007683;0.002052;0.028762;0.007683;0.002052
0.016203;0.004328;0.001156;0.016203;0.004328;0.001156
0.010221;0.002729;0.000729;0.010221;0.002729;0.000729
0.008875;0.002370;0.000633;0.008875;0.002370;0.000633
0.026688;0.007124;0.001902;0.026688;0.007124;0.001902
0.024777;0.006613;0.001765;0.024777;0.006613;0.001765
0.008673;0.002315;0.000618;0.008673;0.002315;0.000618
0.011691;0.003119;0.000832;0.011691;0.003119;0.000832
0.009538;0.002545;0.000679;0.009538;0.002545;0.000679
0.010185;0.002717;0.000725;0.010185;0.002717;0.000725
0.012028;0.003208;0.000855;0.012028;0.003208;0.000855
0.009643;0.002571;0.000686;0.009643;0.002571;0.000686
0.010868;0.002897;0.000772;0.010868;0.002897;0.000772
0.009352;0.002493;0.000665;0.009352;0.002493;0.000665
0.012316;0.003282;0.000875;0.012316;0.003282;0.000875
0.023256;0.006197;0.001651;0.023256;0.006197;0.001651
0.025157;0.006703;0.001786;0.025157;0.006703;0.001786
0.019160;0.005104;0.001360;0.019160;0.005104;0.001360
0.012243;0.003261;0.000869;0.012243;0.003261;0.000869
0.011009;0.002932;0.000781;0.011009;0.002932;0.000781
0.028317;0.007540;0.002008;0.028317;0.007540;0.002008
0.024061;0.006406;0.001705;0.024061;0.006406;0.001705
0.010375;0.002762;0.000735;0.010375;0.002762;0.000735
0.024989;0.006651;0.001770;0.024989;0.006651;0.001770
0.021457;0.005710;0.001519;0.021457;0.005710;0.001519
0.011461;0.003049;0.000811;0.011461;0.003049;0.000811
0.022415;0.005963;0.001586;0.022415;0.005963;0.001586
0.021444;0.005703;0.001517;0.021444;0.005703;0.001517
0.020718;0.005509;0.001465;0.020718;0.005509;0.001465
0.023045;0.006127;0.001629;0.023045;0.006127;0.001629
0.019629;0.005218;0.001387;0.019629;0.005218;0.001387
0.024778;0.006586;0.001750;0.024778;0.006586;0.001750
0.019509;0.005185;0.001378;0.019509;0.005185;0.001378
0.007673;0.002039;0.000542;0.007673;0.002039;0.000542
0.003916;0.001040;0.000276;0.003916;0.001040;0.000276
0.011630;0.003089;0.000821;0.011630;0.003089;0.000821
0.017393;0.004619;0.001227;0.017393;0.004619;0.001227
0.011352;0.003014;0.000801;0.011352;0.003014;0.000801
0.007713;0.002048;0.000544;0.007713;0.002048;0.000544
0.010189;0.002705;0.000718;0.010189;0.002705;0.000718
0.018319;0.004862;0.001290;0.018319;0.004862;0.001290
0.024550;0.006515;0.001729;0.024550;0.006515;0.001729
0.017564;0.004660;0.001237;0.017564;0.004660;0.001237
0.009609;0.002549;0.000676;0.009609;0.002549;0.000676
0.008121;0.002154;0.000571;0.008121;0.002154;0.000571
0.012367;0.003280;0.000870;0.012367;0.003280;0.000870
0.018797;0.004984;0.001322;0.018797;0.004984;0.001322
0.014821;0.003929;0.001042;0.014821;0.003929;0.001042
0.010667;0.002828;0.000750;0.010667;0.002828;0.000750
0.007289;0.001932;0.000512;0.007289;0.001932;0.000512
0.007714;0.002044;0.000542;0.007714;0.002044;0.000542
0.014433;0.003824;0.001013;0.014433;0.003824;0.001013
0.011065;0.002931;0.000777;0.011065;0.002931;0.000777
0.011181;0.002962;0.000784;0.011181;0.002962;0.000784
0.028857;0.007642;0.002024;0.028857;0.007642;0.002024
0.028609;0.007575;0.002006;0.028609;0.007575;0.002006
0.019652;0.005203;0.001377;0.019652;0.005203;0.001377
0.013095;0.003466;0.000918;0.013095;0.003466;0.000918
0.009379;0.002482;0.000657;0.009379;0.002482;0.000657
0.009250;0.002448;0.000648;0.009250;0.002448;0.000648
0.003691;0.000977;0.000258;0.003691;0.000977;0.000258
0.007514;0.001988;0.000526;0.007514;0.001988;0.000526
0.008698;0.002300;0.000608;0.008698;0.002300;0.000608
0.003941;0.001042;0.000276;0.003941;0.001042;0.000276
0.003869;0.001023;0.000270;0.003869;0.001023;0.000270
0.010317;0.002727;0.000721;0.010317;0.002727;0.000721
0.014503;0.003833;0.001013;0.014503;0.003833;0.001013
0.019724;0.005212;0.001377;0.019724;0.005212;0.001377
0.026352;0.006963;0.001840;0.026352;0.006963;0.001840
0.020192;0.005334;0.001409;0.020192;0.005334;0.001409
0.014140;0.003735;0.000987;0.014140;0.003735;0.000987
0.010307;0.002722;0.000719;0.010307;0.002722;0.000719
0.016077;0.004245;0.001121;0.016077;0.004245;0.001121
0.028892;0.007628;0.002014;0.028892;0.007628;0.002014
0.025553;0.006746;0.001781;0.025553;0.006746;0.001781
0.006750;0.001782;0.000470;0.006750;0.001782;0.000470
0.022149;0.005845;0.001542;0.022149;0.005845;0.001542
0.022972;0.006061;0.001599;0.022972;0.006061;0.001599
0.003815;0.001006;0.000266;0.003815;0.001006;0.000266
0.025061;0.006610;0.001744;0.025061;0.006610;0.001744
0.024858;0.006556;0.001729;0.024858;0.006556;0.001729
0.010352;0.002730;0.000720;0.010352;0.002730;0.000720
0.010539;0.002778;0.000733;0.010539;0.002778;0.000733
0.029070;0.007663;0.002020;0.029070;0.007663;0.002020
0.031568;0.008320;0.002193;0.031568;0.008320;0.002193
0.019330;0.005094;0.001342;0.019330;0.005094;0.001342
0.017322;0.004564;0.001202;0.017322;0.004564;0.001202
0.012489;0.003290;0.000867;0.012489;0.003290;0.000867
0.009071;0.002389;0.000629;0.009071;0.002389;0.000629
0.010970;0.002889;0.000761;0.010970;0.002889;0.000761
0.011849;0.003120;0.000821;0.011849;0.003120;0.000821
0.014321;0.003770;0.000993;0.014321;0.003770;0.000993
0.015206;0.004003;0.001054;0.015206;0.004003;0.001054
0.011037;0.002905;0.000764;0.011037;0.002905;0.000764
0.014177;0.003730;0.000982;0.014177;0.003730;0.000982
0.023551;0.006196;0.001630;0.023551;0.006196;0.001630
0.025960;0.006829;0.001796;0.025960;0.006829;0.001796
0.024106;0.006340;0.001668;0.024106;0.006340;0.001668
0.017385;0.004572;0.001202;0.017385;0.004572;0.001202
0.011700;0.003076;0.000809;0.011700;0.003076;0.000809
0.031920;0.008391;0.002206;0.031920;0.008391;0.002206
0.039824;0.010468;0.002751;0.039824;0.010468;0.002751
0.026009;0.006835;0.001796;0.026009;0.006835;0.001796
0.016988;0.004464;0.001173;0.016988;0.004464;0.001173
0.024558;0.006452;0.001695;0.024558;0.006452;0.001695
0.026247;0.006895;0.001811;0.026247;0.006895;0.001811
0.015585;0.004093;0.001075;0.015585;0.004093;0.001075
0.034658;0.009101;0.002390;0.034658;0.009101;0.002390
0.035369;0.009286;0.002438;0.035369;0.009286;0.002438
0.018910;0.004964;0.001303;0.018910;0.004964;0.001303
0.030049;0.007887;0.002070;0.030049;0.007887;0.002070
0.038424;0.010083;0.002646;0.038424;0.010083;0.002646
0.038319;0.010055;0.002638;0.038319;0.010055;0.002638
0.038226;0.010028;0.002631;0.038226;0.010028;0.002631
0.033129;0.008690;0.002279;0.033129;0.008690;0.002279
0.029170;0.007650;0.002006;0.029170;0.007650;0.002006
0.032909;0.008629;0.002263;0.032909;0.008629;0.002263
0.034950;0.009163;0.002402;0.034950;0.009163;0.002402
0.030950;0.008113;0.002127;0.030950;0.008113;0.002127
0.028142;0.007376;0.001933;0.028142;0.007376;0.001933
0.026922;0.007055;0.001849;0.026922;0.007055;0.001849
0.022634;0.005931;0.001554;0.022634;0.005931;0.001554
0.021084;0.005523;0.001447;0.021084;0.005523;0.001447
0.028602;0.007492;0.001962;0.028602;0.007492;0.001962
0.021278;0.005573;0.001459;0.021278;0.005573;0.001459
0.008714;0.002282;0.000597;0.008714;0.002282;0.000597
0.009813;0.002569;0.000673;0.009813;0.002569;0.000673
0.026619;0.006968;0.001824;0.026619;0.006968;0.001824
0.024926;0.006524;0.001707;0.024926;0.006524;0.001707
0.009047;0.002368;0.000620;0.009047;0.002368;0.000620
0.004754;0.001244;0.000325;0.004754;0.001244;0.000325
0.009085;0.002377;0.000622;0.009085;0.002377;0.000622
0.012123;0.003171;0.000829;0.012123;0.003171;0.000829
0.008491;0.002221;0.000581;0.008491;0.002221;0.000581
0.007011;0.001833;0.000479;0.007011;0.001833;0.000479
0.013770;0.003600;0.000941;0.013770;0.003600;0.000941
0.007533;0.001969;0.000515;0.007533;0.001969;0.000515
0.012822;0.003351;0.000876;0.012822;0.003351;0.000876
0.016433;0.004294;0.001122;0.016433;0.004294;0.001122
0.015958;0.004169;0.001089;0.015958;0.004169;0.001089
0.020521;0.005361;0.001400;0.020521;0.005361;0.001400
0.020961;0.005475;0.001430;0.020961;0.005475;0.001430
0.014826;0.003872;0.001011;0.014826;0.003872;0.001011
0.016055;0.004192;0.001095;0.016055;0.004192;0.001095
0.015140;0.003953;0.001032;0.015140;0.003953;0.001032
0.009701;0.002532;0.000661;0.009701;0.002532;0.000661
0.019633;0.005124;0.001337;0.019633;0.005124;0.001337
0.010487;0.002737;0.000714;0.010487;0.002737;0.000714
0.011244;0.002934;0.000765;0.011244;0.002934;0.000765
0.012894;0.003363;0.000877;0.012894;0.003363;0.000877
0.011575;0.003019;0.000787;0.011575;0.003019;0.000787
0.017237;0.004495;0.001172;0.017237;0.004495;0.001172
0.028933;0.007544;0.001967;0.028933;0.007544;0.001967
0.042212;0.011005;0.002869;0.042212;0.011005;0.002869
0.026107;0.006805;0.001774;0.026107;0.006805;0.001774
0.032622;0.008502;0.002216;0.032622;0.008502;0.002216
0.034478;0.008984;0.002341;0.034478;0.008984;0.002341
0.018592;0.004844;0.001262;0.018592;0.004844;0.001262
0.004528;0.001180;0.000307;0.004528;0.001180;0.000307
0.012094;0.003150;0.000820;0.012094;0.003150;0.000820
0.013324;0.003470;0.000904;0.013324;0.003470;0.000904
0.019168;0.004991;0.001299;0.019168;0.004991;0.001299
0.022847;0.005948;0.001548;0.022847;0.005948;0.001548
0.020019;0.005211;0.001356;0.020019;0.005211;0.001356
0.012422;0.003233;0.000841;0.012422;0.003233;0.000841
0.014756;0.003840;0.000999;0.014756;0.003840;0.000999
0.021724;0.005652;0.001470;0.021724;0.005652;0.001470
0.017466;0.004543;0.001182;0.017466;0.004543;0.001182
0.013609;0.003539;0.000920;0.013609;0.003539;0.000920
0.014409;0.003747;0.000974;0.014409;0.003747;0.000974
0.008933;0.002323;0.000604;0.008933;0.002323;0.000604
0.008087;0.002102;0.000546;0.008087;0.002102;0.000546
0.009206;0.002393;0.000622;0.009206;0.002393;0.000622
0.008451;0.002196;0.000571;0.008451;0.002196;0.000571
0.005977;0.001553;0.000404;0.005977;0.001553;0.000404
0.007788;0.002023;0.000526;0.007788;0.002023;0.000526
0.017686;0.004594;0.001193;0.017686;0.004594;0.001193
0.019468;0.005056;0.001313;0.019468;0.005056;0.001313
0.017283;0.004488;0.001165;0.017283;0.004488;0.001165
0.024933;0.006473;0.001681;0.024933;0.006473;0.001681
0.028979;0.007523;0.001953;0.028979;0.007523;0.001953
0.026913;0.006985;0.001813;0.026913;0.006985;0.001813
0.028121;0.007298;0.001894;0.028121;0.007298;0.001894
0.022092;0.005732;0.001487;0.022092;0.005732;0.001487
0.015545;0.004033;0.001046;0.015545;0.004033;0.001046
0.006084;0.001578;0.000409;0.006084;0.001578;0.000409
0.011100;0.002879;0.000747;0.011100;0.002879;0.000747
0.011100;0.002878;0.000746;0.011100;0.002878;0.000746
0.010643;0.002759;0.000715;0.010643;0.002759;0.000715
0.011491;0.002979;0.000772;0.011491;0.002979;0.000772
0.011810;0.003061;0.000793;0.011810;0.003061;0.000793
0.008775;0.002274;0.000589;0.008775;0.002274;0.000589
0.011615;0.003009;0.000780;0.011615;0.003009;0.000780
0.019505;0.005053;0.001309;0.019505;0.005053;0.001309
0.019578;0.005071;0.001314;0.019578;0.005071;0.001314
0.016420;0.004252;0.001101;0.016420;0.004252;0.001101
0.023323;0.006039;0.001564;0.023323;0.006039;0.001564
0.036005;0.009322;0.002413;0.036005;0.009322;0.002413
0.032864;0.008507;0.002202;0.032864;0.008507;0.002202
0.024215;0.006267;0.001622;0.024215;0.006267;0.001622
0.017136;0.004435;0.001148;0.017136;0.004435;0.001148
0.016029;0.004147;0.001073;0.016029;0.004147;0.001073
0.015173;0.003925;0.001016;0.015173;0.003925;0.001016
0.006628;0.001714;0.000443;0.006628;0.001714;0.000443
0.009277;0.002399;0.000621;0.009277;0.002399;0.000621
0.016925;0.004376;0.001132;0.016925;0.004376;0.001132
0.003546;0.000917;0.000237;0.003546;0.000917;0.000237
0.014758;0.003815;0.000986;0.014758;0.003815;0.000986
0.018593;0.004805;0.001242;0.018593;0.004805;0.001242
0.016185;0.004183;0.001081;0.016185;0.004183;0.001081
0.013466;0.003479;0.000899;0.013466;0.003479;0.000899
0.017693;0.004571;0.001181;0.017693;0.004571;0.001181
0.025657;0.006627;0.001712;0.025657;0.006627;0.001712
0.026060;0.006730;0.001738;0.026060;0.006730;0.001738
0.022271;0.005751;0.001485;0.022271;0.005751;0.001485
0.017943;0.004633;0.001196;0.017943;0.004633;0.001196
0.020873;0.005388;0.001391;0.020873;0.005388;0.001391
0.022272;0.005748;0.001484;0.022272;0.005748;0.001484
0.023358;0.006028;0.001555;0.023358;0.006028;0.001555
0.024782;0.006394;0.001650;0.024782;0.006394;0.001650
0.018028;0.004651;0.001200;0.018028;0.004651;0.001200
0.019407;0.005006;0.001291;0.019407;0.005006;0.001291
0.026182;0.006752;0.001741;0.026182;0.006752;0.001741
0.015068;0.003885;0.001002;0.015068;0.003885;0.001002
0.014258;0.003676;0.000948;0.014258;0.003676;0.000948
0.014911;0.003844;0.000991;0.014911;0.003844;0.000991
0.002763;0.000712;0.000184;0.002763;0.000712;0.000184
0.006347;0.001636;0.000422;0.006347;0.001636;0.000422
0.005778;0.001489;0.000384;0.005778;0.001489;0.000384
0.016827;0.004335;0.001117;0.016827;0.004335;0.001117
0.017834;0.004594;0.001183;0.017834;0.004594;0.001183
0.009945;0.002561;0.000660;0.009945;0.002561;0.000660
0.014414;0.003712;0.000956;0.014414;0.003712;0.000956
0.019682;0.005067;0.001305;0.019682;0.005067;0.001305
0.016667;0.004290;0.001104;0.016667;0.004290;0.001104
0.023848;0.006138;0.001580;0.023848;0.006138;0.001580
0.024998;0.006433;0.001655;0.024998;0.006433;0.001655
0.018195;0.004682;0.001205;0.018195;0.004682;0.001205
0.008835;0.002273;0.000585;0.008835;0.002273;0.000585
0.007563;0.001945;0.000500;0.007563;0.001945;0.000500
0.013894;0.003573;0.000919;0.013894;0.003573;0.000919
0.016064;0.004131;0.001062;0.016064;0.004131;0.001062
0.015202;0.003908;0.001005;0.015202;0.003908;0.001005
0.021335;0.005484;0.001410;0.021335;0.005484;0.001410
0.024998;0.006425;0.001651;0.024998;0.006425;0.001651
0.023400;0.006013;0.001545;0.023400;0.006013;0.001545
0.030027;0.007715;0.001982;0.030027;0.007715;0.001982
0.031993;0.008219;0.002111;0.031993;0.008219;0.002111
0.024219;0.006221;0.001598;0.024219;0.006221;0.001598
0.030233;0.007764;0.001994;0.030233;0.007764;0.001994
0.028333;0.007275;0.001868;0.028333;0.007275;0.001868
0.021840;0.005607;0.001440;0.021840;0.005607;0.001440
0.029363;0.007537;0.001935;0.029363;0.007537;0.001935
0.022537;0.005784;0.001485;0.022537;0.005784;0.001485
0.017837;0.004577;0.001175;0.017837;0.004577;0.001175
0.007232;0.001856;0.000476;0.007232;0.001856;0.000476
0.015521;0.003982;0.001021;0.015521;0.003982;0.001021
0.020389;0.005230;0.001341;0.020389;0.005230;0.001341
0.017111;0.004388;0.001125;0.017111;0.004388;0.001125
0.006766;0.001735;0.000445;0.006766;0.001735;0.000445
0.020017;0.005132;0.001316;0.020017;0.005132;0.001316
0.029631;0.007596;0.001947;0.029631;0.007596;0.001947
0.022265;0.005706;0.001463;0.022265;0.005706;0.001463
0.021957;0.005627;0.001442;0.021957;0.005627;0.001442
0.028951;0.007418;0.001901;0.028951;0.007418;0.001901
0.029553;0.007571;0.001940;0.029553;0.007571;0.001940
0.018351;0.004701;0.001204;0.018351;0.004701;0.001204
0.014032;0.003593;0.000920;0.014032;0.003593;0.000920
0.014898;0.003815;0.000977;0.014898;0.003815;0.000977
0.014879;0.003809;0.000975;0.014879;0.003809;0.000975
0.013457;0.003445;0.000882;0.013457;0.003445;0.000882
0.015754;0.004032;0.001032;0.015754;0.004032;0.001032
0.023538;0.006024;0.001541;0.023538;0.006024;0.001541
0.016034;0.004103;0.001050;0.016034;0.004103;0.001050
0.015948;0.004080;0.001044;0.015948;0.004080;0.001044
0.031299;0.008006;0.002048;0.031299;0.008006;0.002048
0.025348;0.006483;0.001658;0.025348;0.006483;0.001658
0.024350;0.006227;0.001592;0.024350;0.006227;0.001592
0.023530;0.006016;0.001538;0.023530;0.006016;0.001538
0.011155;0.002852;0.000729;0.011155;0.002852;0.000729
0.008327;0.002128;0.000544;0.008327;0.002128;0.000544
0.019534;0.004992;0.001276;0.019534;0.004992;0.001276
0.016910;0.004321;0.001104;0.016910;0.004321;0.001104
0.011065;0.002827;0.000722;0.011065;0.002827;0.000722
0.012985;0.003317;0.000847;0.012985;0.003317;0.000847
0.015931;0.004069;0.001039;0.015931;0.004069;0.001039
0.026067;0.006656;0.001700;0.026067;0.006656;0.001700
0.033301;0.008502;0.002171;0.033301;0.008502;0.002171
0.021132;0.005395;0.001377;0.021132;0.005395;0.001377
0.016812;0.004291;0.001095;0.016812;0.004291;0.001095
0.023053;0.005883;0.001501;0.023053;0.005883;0.001501
0.016484;0.004206;0.001073;0.016484;0.004206;0.001073
0.007420;0.001893;0.000483;0.007420;0.001893;0.000483
0.007450;0.001900;0.000485;0.007450;0.001900;0.000485
0.009285;0.002368;0.000604;0.009285;0.002368;0.000604
0.011530;0.002940;0.000750;0.011530;0.002940;0.000750
0.019442;0.004957;0.001264;0.019442;0.004957;0.001264
0.022249;0.005672;0.001446;0.022249;0.005672;0.001446
0.022802;0.005811;0.001481;0.022802;0.005811;0.001481
0.037987;0.009681;0.002467;0.037987;0.009681;0.002467
0.024675;0.006287;0.001602;0.024675;0.006287;0.001602
0.012913;0.003290;0.000838;0.012913;0.003290;0.000838
0.030488;0.007766;0.001978;0.030488;0.007766;0.001978
0.030343;0.007728;0.001968;0.030343;0.007728;0.001968
0.016897;0.004303;0.001096;0.016897;0.004303;0.001096
0.033617;0.008559;0.002179;0.033617;0.008559;0.002179
0.042907;0.010923;0.002781;0.042907;0.010923;0.002781
0.032396;0.008246;0.002099;0.032396;0.008246;0.002099
0.011973;0.003047;0.000775;0.011973;0.003047;0.000775
0.038454;0.009784;0.002490;0.038454;0.009784;0.002490
0.023687;0.006026;0.001533;0.023687;0.006026;0.001533
0.019828;0.005044;0.001283;0.019828;0.005044;0.001283
0.022934;0.005833;0.001483;0.022934;0.005833;0.001483
0.007176;0.001825;0.000464;0.007176;0.001825;0.000464
0.012032;0.003059;0.000778;0.012032;0.003059;0.000778
0.014917;0.003792;0.000964;0.014917;0.003792;0.000964
0.011911;0.003028;0.000770;0.011911;0.003028;0.000770
0.017674;0.004492;0.001141;0.017674;0.004492;0.001141
0.025404;0.006455;0.001640;0.025404;0.006455;0.001640
0.019703;0.005006;0.001272;0.019703;0.005006;0.001272
0.014908;0.003787;0.000962;0.014908;0.003787;0.000962
0.029551;0.007505;0.001906;0.029551;0.007505;0.001906
0.048410;0.012293;0.003122;0.048410;0.012293;0.003122
0.059266;0.015048;0.003821;0.059266;0.015048;0.003821
0.072979;0.018526;0.004703;0.072979;0.018526;0.004703
0.076220;0.019347;0.004911;0.076220;0.019347;0.004911
0.047657;0.012095;0.003070;0.047657;0.012095;0.003070
0.020893;0.005302;0.001345;0.020893;0.005302;0.001345
0.017248;0.004376;0.001110;0.017248;0.004376;0.001110
0.019027;0.004827;0.001224;0.019027;0.004827;0.001224
0.006405;0.001624;0.000412;0.006405;0.001624;0.000412
0.014377;0.003646;0.000925;0.014377;0.003646;0.000925
0.024651;0.006250;0.001585;0.024651;0.006250;0.001585
0.042632;0.010808;0.002740;0.042632;0.010808;0.002740
0.042755;0.010837;0.002747;0.042755;0.010837;0.002747
0.038412;0.009735;0.002467;0.038412;0.009735;0.002467
0.023044;0.005839;0.001480;0.023044;0.005839;0.001480
0.026886;0.006812;0.001726;0.026886;0.006812;0.001726
0.023727;0.006011;0.001523;0.023727;0.006011;0.001523
0.024279;0.006150;0.001558;0.024279;0.006150;0.001558
0.040578;0.010276;0.002602;0.040578;0.010276;0.002602
0.052092;0.013190;0.003340;0.052092;0.013190;0.003340
0.046004;0.011647;0.002949;0.046004;0.011647;0.002949
0.028907;0.007317;0.001852;0.028907;0.007317;0.001852
0.041325;0.010459;0.002647;0.041325;0.010459;0.002647
0.066627;0.016860;0.004266;0.066627;0.016860;0.004266
0.058287;0.014747;0.003731;0.058287;0.014747;0.003731
0.035766;0.009048;0.002289;0.035766;0.009048;0.002289
0.027529;0.006963;0.001761;0.027529;0.006963;0.001761
0.025183;0.006369;0.001611;0.025183;0.006369;0.001611
0.035072;0.008868;0.002242;0.035072;0.008868;0.002242
0.063890;0.016152;0.004084;0.063890;0.016152;0.004084
0.070904;0.017923;0.004531;0.070904;0.017923;0.004531
0.037806;0.009555;0.002415;0.037806;0.009555;0.002415
0.034521;0.008723;0.002204;0.034521;0.008723;0.002204
0.087523;0.022114;0.005587;0.087523;0.022114;0.005587
0.102893;0.025993;0.006567;0.102893;0.025993;0.006567
0.091104;0.023012;0.005812;0.091104;0.023012;0.005812
0.075309;0.019019;0.004803;0.075309;0.019019;0.004803
0.060827;0.015359;0.003878;0.060827;0.015359;0.003878
0.078137;0.019727;0.004981;0.078137;0.019727;0.004981
0.112886;0.028496;0.007193;0.112886;0.028496;0.007193
0.114326;0.028855;0.007283;0.114326;0.028855;0.007283
0.096126;0.024258;0.006122;0.096126;0.024258;0.006122
0.067155;0.016945;0.004276;0.067155;0.016945;0.004276
0.037347;0.009422;0.002377;0.037347;0.009422;0.002377
0.040817;0.010296;0.002597;0.040817;0.010296;0.002597
0.081310;0.020506;0.005172;0.081310;0.020506;0.005172
0.099197;0.025014;0.006308;0.099197;0.025014;0.006308
0.062455;0.015747;0.003970;0.062455;0.015747;0.003970
0.060197;0.015174;0.003825;0.060197;0.015174;0.003825
0.108221;0.027277;0.006875;0.108221;0.027277;0.006875
0.118678;0.029908;0.007537;0.118678;0.029908;0.007537
0.086939;0.021906;0.005520;0.086939;0.021906;0.005520
0.072418;0.018244;0.004596;0.072418;0.018244;0.004596
0.092166;0.023216;0.005848;0.092166;0.023216;0.005848
0.096429;0.024287;0.006117;0.096429;0.024287;0.006117
0.056446;0.014214;0.003580;0.056446;0.014214;0.003580
0.024789;0.006241;0.001571;0.024789;0.006241;0.001571
0.049299;0.012411;0.003124;0.049299;0.012411;0.003124
0.049663;0.012500;0.003146;0.049663;0.012500;0.003146
0.014618;0.003679;0.000926;0.014618;0.003679;0.000926
0.063519;0.015983;0.004022;0.063519;0.015983;0.004022
0.077311;0.019451;0.004894;0.077311;0.019451;0.004894
0.058106;0.014617;0.003677;0.058106;0.014617;0.003677
0.058931;0.014822;0.003728;0.058931;0.014822;0.003728
0.062126;0.015623;0.003929;0.062126;0.015623;0.003929
0.052409;0.013178;0.003313;0.052409;0.013178;0.003313
0.035400;0.008900;0.002237;0.035400;0.008900;0.002237
0.047537;0.011949;0.003003;0.047537;0.011949;0.003003
0.074397;0.018697;0.004699;0.074397;0.018697;0.004699
0.057889;0.014547;0.003655;0.057889;0.014547;0.003655
0.079669;0.020016;0.005029;0.079669;0.020016;0.005029
0.092705;0.023288;0.005850;0.092705;0.023288;0.005850
0.084573;0.021242;0.005335;0.084573;0.021242;0.005335
0.065135;0.016358;0.004108;0.065135;0.016358;0.004108
0.034972;0.008781;0.002205;0.034972;0.008781;0.002205
0.018344;0.004605;0.001156;0.018344;0.004605;0.001156
0.017039;0.004277;0.001074;0.017039;0.004277;0.001074
0.027916;0.007006;0.001758;0.027916;0.007006;0.001758
0.046343;0.011629;0.002918;0.046343;0.011629;0.002918
0.033657;0.008445;0.002119;0.033657;0.008445;0.002119
0.016394;0.004113;0.001032;0.016394;0.004113;0.001032
0.026654;0.006686;0.001677;0.026654;0.006686;0.001677
0.032832;0.008234;0.002065;0.032832;0.008234;0.002065
0.062416;0.015651;0.003925;0.062416;0.015651;0.003925
0.045455;0.011396;0.002857;0.045455;0.011396;0.002857
0.020338;0.005098;0.001278;0.020338;0.005098;0.001278
0.039718;0.009955;0.002495;0.039718;0.009955;0.002495
0.098249;0.024621;0.006170;0.098249;0.024621;0.006170
0.090757;0.022740;0.005698;0.090757;0.022740;0.005698
0.067536;0.016920;0.004239;0.067536;0.016920;0.004239
0.050710;0.012702;0.003182;0.050710;0.012702;0.003182
0.018585;0.004655;0.001166;0.018585;0.004655;0.001166
0.013463;0.003371;0.000844;0.013463;0.003371;0.000844
0.014471;0.003623;0.000907;0.014471;0.003623;0.000907
0.040925;0.010245;0.002564;0.040925;0.010245;0.002564
0.069138;0.017305;0.004331;0.069138;0.017305;0.004331
0.050023;0.012519;0.003133;0.050023;0.012519;0.003133
0.054304;0.013588;0.003400;0.054304;0.013588;0.003400
0.051964;0.013001;0.003253;0.051964;0.013001;0.003253
0.041014;0.010259;0.002566;0.041014;0.010259;0.002566
0.057931;0.014489;0.003624;0.057931;0.014489;0.003624
0.059736;0.014939;0.003736;0.059736;0.014939;0.003736
0.038134;0.009535;0.002384;0.038134;0.009535;0.002384
0.026478;0.006620;0.001655;0.026478;0.006620;0.001655
0.022157;0.005538;0.001384;0.022157;0.005538;0.001384
0.021193;0.005297;0.001324;0.021193;0.005297;0.001324
0.010421;0.002604;0.000651;0.010421;0.002604;0.000651
0.011739;0.002933;0.000733;0.011739;0.002933;0.000733
0.019441;0.004856;0.001213;0.019441;0.004856;0.001213
0.058438;0.014596;0.003646;0.058438;0.014596;0.003646
0.085462;0.021343;0.005330;0.085462;0.021343;0.005330
0.079761;0.019916;0.004973;0.079761;0.019916;0.004973
0.079530;0.019855;0.004957;0.079530;0.019855;0.004957
0.018813;0.004696;0.001172;0.018813;0.004696;0.001172
0.066928;0.016704;0.004169;0.066928;0.016704;0.004169
0.078440;0.019574;0.004885;0.078440;0.019574;0.004885
0.125210;0.031240;0.007795;0.125210;0.031240;0.007795
0.081390;0.020305;0.005065;0.081390;0.020305;0.005065
0.084935;0.021185;0.005284;0.084935;0.021185;0.005284
0.109437;0.027293;0.006807;0.109437;0.027293;0.006807
0.111137;0.027713;0.006910;0.111137;0.027713;0.006910
0.107910;0.026904;0.006708;0.107910;0.026904;0.006708
0.063205;0.015757;0.003928;0.063205;0.015757;0.003928
0.069666;0.017363;0.004327;0.069666;0.017363;0.004327
0.102889;0.025640;0.006390;0.102889;0.025640;0.006390
0.100617;0.025070;0.006247;0.100617;0.025070;0.006247
0.112479;0.028022;0.006981;0.112479;0.028022;0.006981
0.115798;0.028845;0.007185;0.115798;0.028845;0.007185
0.062810;0.015644;0.003896;0.062810;0.015644;0.003896
0.027964;0.006963;0.001734;0.027964;0.006963;0.001734
0.064630;0.016091;0.004006;0.064630;0.016091;0.004006
0.118533;0.029508;0.007346;0.118533;0.029508;0.007346
0.111894;0.027851;0.006932;0.111894;0.027851;0.006932
0.055007;0.013689;0.003407;0.055007;0.013689;0.003407
0.045583;0.011343;0.002822;0.045583;0.011343;0.002822
0.037247;0.009267;0.002305;0.037247;0.009267;0.002305
0.059375;0.014770;0.003674;0.059375;0.014770;0.003674
0.134724;0.033508;0.008334;0.134724;0.033508;0.008334
